100009
100011
100012
100014
100019
100024
100027
100028
100029
100030
100031
100032
100033
100034
100036
100037
100038
100039
100040
100041
100043
100044
100045
100046
100047
100048
100049
100051
100052
100053
100054
100057
100063
100064
100078
100083
100086
100087
100089
100096
100097
100098
100108
100112
100116
100117
100121
100123
100125
100126
100127
100128
100134
100137
100141
100155
100156
100162
100166
100180
100193
100203
100208
100209
100210
100212
100215
100216
100218
100221
100222
100224
100242
100245
100247
100253
100254
100255
100256
100268
100270
100271
100274
100277
100278
100279
100280
100282
100284
100288
100290
100295
100296
100298
100300
100301
100302
100303
100307
100308
100311
100312
100316
100317
100318
100319
100326
100328
100329
100330
100333
100334
100336
100375
100379
100380
100384
100403
100439
100440
100442
100454
100455
100456
100470
100472
100473
100475
100479
100481
100486
100487
100501
100503
100504
100506
100507
100509
100519
100524
100531
100535
100536
100539
100540
100551
100552
100554
100555
100556
100563
100565
100566
100568
100570
100572
100579
100583
100584
100587
100590
100591
100604
100609
100611
100614
100618
100619
100620
100621
100622
100627
100630
100631
100632
100634
100635
100637
100639
100640
100649
100651
100653
100655
100656
100659
100661
100664
100665
100690
100703
100709
100710
100711
100712
100713
100714
100715
100720
100721
100722
100723
100725
100745
100746
100751
100752
100753
100754
100755
100757
100759
100760
100761
100762
100766
100768
100770
100774
100776
100777
100778
100779
100795
100797
100798
100799
100800
100802
100804
100807
100808
100809
100829
100834
100837
100838
100839
100840
100842
100843
100844
100850
100851
100852
100853
100855
100863
100864
100866
100902
100903
100904
100905
100909
100912
100913
100914
100916
100917
100918
100919
100920
100921
100928
100934
100936
100938
100939
100940
100953
100955
100961
100963
100966
100968
100969
100970
100971
100973
100975
100983
100985
100986
101012
101015
101016
101017
101018
101019
101021
101024
101027
101028
101035
101036
101037
101039
101041
101055
101056
101057
101059
101066
101067
101068
101073
101074
101081
101099
101101
101102
101108
101109
101111
101112
101120
101123
101128
101130
101131
101132
101133
101135
101136
101137
101139
101140
101142
101148
101150
101160
101161
101162
101163
101169
101177
101181
101187
101188
101190
101191
101193
101195
101197
101201
101228
101229
101232
101235
101238
101242
101243
101245
101255
101258
101259
101261
101262
101264
101266
101269
101276
101277
101281
101284
101285
101286
101287
101289
101292
101294
101297
101302
101303
101306
101307
101309
101311
101312
101313
101314
101319
101320
101321
101323
101327
101330
101331
101339
101345
101355
101356
101358
101359
101361
101362
101363
101365
101366
101367
101388
101391
101393
101394
101400
101421
101422
101429
101430
101431
101432
101434
101438
101440
101443
101451
101452
101454
101456
101458
101459
101463
101465
101471
101472
101473
101475
101482
101486
101493
101494
101495
101498
101499
101503
101505
101507
101513
101514
101515
101525
101526
101527
101528
101529
101530
101532
101542
101547
101553
101554
101557
101558
101560
101561
101562
101577
101578
101600
101611
101612
101613
101616
101619
101620
101622
101637
101640
101643
101649
101662
101666
101694
101696
101698
101700
101702
101704
101709
101711
101717
101718
101724
101727
101729
101735
101751
101752
101755
101756
101762
101764
101765
101766
101768
101773
101774
101775
101777
101782
101784
101786
101789
101813
101819
101821
101822
101835
101837
101838
101846
101848
101849
101850
101852
101853
101854
101855
101856
101860
101861
101862
101863
101864
101865
101872
101873
101874
101876
101879
101883
101885
101886
101889
101891
101892
101893
101894
101897
101902
101903
101904
101905
101908
101910
101912
101913
101914
101915
101919
101922
101924
101930
101933
101935
101942
101944
101945
101946
101947
101948
101949
101951
101953
101955
101956
101957
101958
101959
101960
101961
101962
101963
101964
101966
101968
101969
101970
101973
101974
101975
101976
101977
101978
101979
101980
101981
101985
101990
101992
101993
101994
101995
101996
101997
102004
102010
102011
102012
102014
102016
102019
102027
102033
102034
102038
102039
102040
102046
102067
102070
102075
102077
102079
102084
102085
102087
102088
102089
102092
102093
102096
102097
102104
102110
102111
102116
102142
102145
102146
102147
102148
102150
102151
102152
102153
102162
102163
102165
102166
102173
102175
102184
102186
102205
102207
102208
102210
102211
102212
102213
102214
102215
102216
102217
102220
102221
102222
102224
102229
102247
102258
102259
102260
102261
102262
102267
102283
102288
102296
102301
102305
102306
102308
102309
102312
102316
102319
102322
102327
102328
102329
102331
102332
102333
102334
102335
102347
102348
102352
102354
102357
102359
102360
102361
102362
102364
102367
102369
102370
102374
102375
102381
102382
102383
102390
102391
102392
102397
102405
102406
102407
102408
102410
102422
102423
102427
102429
102430
102431
102432
102435
102436
102448
102449
102452
102455
102457
102461
102462
102467
102468
102472
102475
102480
102485
102494
102495
102500
102503
102511
102512
102514
102517
102519
102521
102523
102524
102530
102531
102538
102541
102542
102544
102545
102548
102555
102559
102560
102566
102567
102568
102569
102570
102571
102572
102573
102578
102579
102580
102582
102583
102586
102589
102591
102592
102593
102594
102598
102600
102620
102626
102627
102640
102646
102647
102651
102654
102655
102656
102663
102665
102668
102669
102670
102671
102672
102674
102675
102685
102686
102696
102697
102700
102702
102703
102704
102715
102721
102724
102725
102727
102731
102732
102734
102737
102738
102739
102742
102743
102744
102745
102747
102762
102763
102766
102767
102768
102770
102771
102773
102779
102784
102787
102791
102797
102799
102801
102802
102803
102805
102806
102809
102811
102812
102814
102818
102822
102824
102831
102833
102836
102839
102843
102852
102853
102857
102860
102863
102865
102872
102876
102878
102881
102884
102888
102892
102894
102896
102897
102901
102903
102904
102905
102906
102915
102917
102921
102923
102924
102926
102927
102930
102932
102933
102937
102946
102947
102948
102949
102950
102951
102954
102959
102963
102964
102965
102966
102968
102969
102970
102972
102973
102974
102983
102986
102989
102990
102991
102993
102997
102998
102999
103000
103001
103003
103004
103005
103006
103007
103010
103011
103013
103019
103022
103023
103024
103026
103027
103028
103033
103035
103038
103040
103043
103044
103045
103046
103055
103057
103058
103063
103065
103068
103073
103075
103091
103092
103093
103094
103095
103096
103102
103104
103107
103108
103111
103113
103117
103119
103120
103121
103124
103126
103128
103140
103142
103144
103149
103150
103151
103152
103153
103154
103155
103157
103160
103163
103165
103167
103168
103170
103176
103177
103178
103185
103186
103187
103188
103192
103194
103195
103197
103204
103205
103206
103210
103212
103213
103215
103219
103222
103243
103244
103247
103253
103254
103255
103260
103261
103262
103264
103265
103267
103274
103276
103278
103279
103282
103287
103288
103291
103292
103293
103298
103305
103308
103309
103311
103318
103323
103330
103335
103337
103341
103342
103343
103344
103345
103346
103347
103348
103350
103354
103355
103357
103363
103366
103367
103374
103376
103378
103386
103387
103392
103393
103398
103400
103408
103412
103413
103415
103416
103419
103420
103422
103426
103428
103429
103432
103436
103437
103440
103442
103445
103446
103447
103450
103453
103456
103457
103458
103459
103461
103462
103469
103470
103473
103474
103481
103489
103493
103494
103504
103511
103512
103527
103543
103544
103546
103550
103558
103572
103585
103593
103600
103601
103609
103613
103625
103631
103632
103634
103635
103636
103650
103651
103653
103655
103656
103657
103661
103662
103667
103675
103685
103686
103697
103718
103720
103721
103732
103734
103743
103777
103787
103788
103791
103793
103798
103801
103808
103810
103820
103821
103824
103825
103828
103829
103835
103841
103842
103844
103845
103847
103849
103853
103862
103864
103867
103877
103882
103889
103900
103909
103994
104000
104023
104024
104045
104048
104131
104152
104218
104274
104283
105342
105353
105357
105358
105367
105369
105379
105384
105386
105387
105398
105402
105404
105419
105428
105438
105439
105441
105444
105445
105447
105453
105454
105455
105498
105557
105582
105587
105590
105594
105595
105597
105600
105601
105602
105603
105607
105618
105940
105943
105963
105968
105969
105970
105972
105980
106006
106013
106014
106528
106529
106531
106532
106533
106535
106536
106538
106539
106540
106541
106542
106543
106544
106545
106546
106547
106548
106571
106575
106576
106588
106592
106594
106598
106601
106603
106604
106612
106613
106635
106636
106637
106638
106639
106705
106706
106707
106708
106714
106715
106716
106717
106718
106719
106723
106724
106730
106753
106755
106756
106773
106775
106790
106791
106794
106844
106859
106861
106866
106867
106868
106870
106882
106883
106905
106910
106930
106953
107001
107003
107005
107006
107013
107035
107036
107037
107042
107055
107066
107068
107092
107109
107176
107202
107208
107222
107223
107228
107275
107278
107299
107304
107305
107338
107384
107414
107425
107426
107512
107522
107548
107554
107561
107592
107593
107597
107611
107614
107674
107682
107689
107748
107756
108018
108064
108094
108095
108096
108097
108098
108099
108100
108120
108123
108127
108129
108130
108138
108175
108176
108185
108196
108197
108199
108405
108472
108479
108486
108495
108496
108497
108506
108509
108528
108529
108539
108540
108557
108568
108569
108570
108571
108572
108574
108576
108623
108626
108632
108635
108663
108676
108700
108708
108709
108710
108722
108758
108761
108780
108781
108783
108784
108785
108786
108789
108791
108792
108801
108802
108804
108805
108807
108809
108810
108811
108812
108817
108818
108831
108832
108844
108852
108876
108910
108911
108915
108927
108931
108932
108942
108966
108994
108995
109011
109052
109057
109064
109075
109092
109097
109110
109111
109133
109140
109150
109164
109165
109195
109196
109206
109207
109208
109238
109239
109241
109245
109253
109255
109256
109258
109263
109264
109265
109267
109268
109270
109271
109273
109274
109275
109277
109278
109279
109281
109287
109288
109290
109303
109320
109340
109342
109355
109369
109377
109439
109441
109496
109500
109518
109532
109541
109577
109578
109579
109580
109581
109582
109583
109585
109602
109606
109633
109701
109703
109704
109707
109722
109775
109824
109867
109907
109930
109931
109932
109937
109938
109950
109951
110005
110014
110020
110027
110028
110045
110046
110047
110058
110059
110066
110067
110088
110093
110094
110095
110124
110140
110142
110144
110179
110180
110181
110182
110193
110207
110208
110225
110242
110247
110248
110250
110256
110261
110265
110266
110273
110274
110278
110280
110286
110299
110304
110345
110349
110365
110366
110367
110392
110409
110416
110417
110423
110500
110519
110520
110521
110524
110533
110534
110563
110568
110569
110570
110572
110579
110580
110591
110594
110595
110597
110602
110604
110605
110606
110607
110608
110610
110612
110613
110615
110616
110617
110618
110621
110623
110624
110625
110627
110629
110632
110633
110634
110636
110639
110640
110642
110652
110653
110654
110656
110658
110659
110660
110665
110796
110801
110802
110803
110804
110805
110899
110900
110906
110907
110911
110924
110925
110929
110930
110931
110964
110971
110985
110986
110987
110989
110990
110991
110992
110993
110994
110997
110998
110999
111000
111001
111002
111003
111004
111006
111007
111008
111009
111010
111075
111156
111161
111182
111183
111293
111294
111295
111311
111312
111313
111351
111414
111415
111416
111417
111484
111485
111486
111509
111547
111549
111550
111551
111552
111554
111555
111604
111616
111617
111627
111704
111758
111765
111772
111774
111775
111776
111778
111780
111784
111790
111791
111793
111800
111860
111861
111866
111867
111868
111877
111878
111879
111882
111906
111930
111940
111941
111954
111957
111961
111979
111980
111985
112002
112003
112004
112006
112016
112026
112047
112048
112049
112050
112051
112052
112053
112054
112056
112057
112059
112061
112062
112063
112064
112065
112066
112086
112087
112088
112089
112148
112164
112178
112184
112195
112196
112211
112212
112213
112246
112286
112287
112288
112289
112291
112292
112294
112296
112297
112298
112299
112300
112337
112338
112339
112345
112346
112359
112361
112362
112363
112392
112394
112395
112458
112459
112462
112501
112509
112593
112594
112595
112596
112597
112598
112604
112606
112608
112610
112611
112612
112616
112624
112628
112632
112634
112636
112637
112638
112639
112640
112641
112647
112654
112661
112665
112666
112667
112668
112708
112734
112789
112790
112791
112793
112797
112855
112856
112858
112860
112861
112863
112864
112867
112873
112894
112992
113135
113136
113137
113142
113206
113207
113208
113211
113212
113213
113217
113219
113221
113222
113223
113276
113286
113382
113384
113469
113474
113475
113477
113486
113502
113509
113546
113592
113593
113595
113601
113602
113603
113604
113605
113606
113607
113609
113644
113672
113673
113674
113676
113682
113683
113685
113738
113749
113750
113757
113758
113780
113781
113782
113783
113784
113802
113804
113806
113807
113813
113815
113878
113879
113880
113881
113882
113884
113885
113886
113887
113888
113890
113892
113893
113894
113895
113899
113900
113901
113983
113994
113997
113998
114041
114042
114043
114058
114063
114064
114065
114066
114067
114069
114070
114071
114072
114074
114075
114076
114077
114078
114082
114083
114085
114086
114087
114088
114089
114090
114091
114092
114094
114097
114098
114099
114100
114101
114102
114103
114104
114105
114106
114107
114109
114111
114113
114119
114121
114123
114163
114164
114170
114178
114179
114183
114184
114185
114186
114187
114188
114189
114190
114191
114192
114193
114194
114195
114200
114203
114204
114205
114209
114210
114211
114216
114232
114233
114242
114250
114251
114252
114253
114255
114259
114286
114296
114297
114298
114299
114300
114301
114302
114303
114304
114305
114306
114311
114319
114325
114326
114327
114369
114370
114373
114381
114383
114384
114385
114388
114389
114390
114400
114456
114457
114475
114487
114488
114491
114492
114493
114495
114497
114498
114499
114500
114501
114502
114508
114513
114514
114518
114524
114525
114535
114568
114570
114571
114572
114573
114574
114598
114599
114610
114655
114658
114661
114662
114671
114673
114679
114680
114681
114682
114684
114685
114686
114687
114692
114695
114696
114699
114717
114718
114719
114720
114723
114724
114730
114731
114732
114737
114747
114749
114750
114752
114784
114785
114788
114789
114791
114792
114809
114824
114833
114834
114856
114857
114859
114860
114864
114867
114869
114871
114872
114883
114884
114885
114896
114909
114979
114986
114989
114990
114994
114995
115001
115003
115004
115006
115009
115026
115027
115028
115029
115030
115031
115032
115033
115034
115035
115036
115037
115038
115039
115040
115041
115042
115043
115044
115045
115046
115047
115088
115089
115090
115091
115092
115093
115094
115095
115096
115097
115098
115099
115111
115114
115115
115141
115142
115161
115162
115164
115165
115172
115178
115225
115226
115228
115234
115256
115263
115265
115266
115269
115276
115286
115303
115304
115312
115314
115315
115317
115322
115323
115324
115326
115338
115340
115346
115347
115349
115351
115354
115355
115356
115357
115358
115359
115395
115416
115418
115429
115430
115431
115432
115444
115467
115509
115510
115514
115515
115516
115524
115525
115528
115529
115530
115531
115546
115563
115581
115582
115597
115602
115604
115635
115636
115638
115640
115646
115648
115650
115651
115653
115689
115702
115705
115706
115707
115710
115715
115717
115719
115720
115723
115725
115726
115727
115728
115729
115730
115731
115750
115751
115752
115761
115768
115772
115773
115775
115776
115781
115782
115783
115785
115786
115787
115793
115809
115812
115825
115839
115840
115846
115847
115848
115849
115855
115859
115862
115863
115879
115880
115881
115889
115890
115895
115896
115897
115898
115900
115902
115903
115905
115918
115948
115949
115970
115978
116021
116055
116057
116058
116059
116065
116076
116077
116078
116090
116091
116093
116099
116100
116119
116120
116121
116122
116129
116175
116183
116203
116205
116207
116215
116267
116276
116278
116291
116307
116319
116320
116447
116469
116470
116473
116480
116481
116482
116483
116484
116485
116486
116488
116498
116508
116510
116516
116517
116522
116526
116531
116532
116545
116548
116554
116561
116563
116685
116716
116721
116731
116732
116738
116739
116740
116741
116775
116782
116791
116792
116793
116794
116795
116796
116798
116809
116813
116824
116825
116827
116853
116858
116859
116887
116891
116896
116902
116925
116985
116987
116989
116993
116994
117024
117025
117026
117027
117032
117044
117045
117046
117047
117048
117049
117050
117051
117052
117053
117054
117055
117056
117057
117058
117059
117061
117062
117063
117064
117065
117066
117067
117078
117087
117217
117226
117241
117276
117281
117282
117285
117292
117293
117297
117298
117300
117301
117309
117340
117529
117530
117531
117532
117533
117543
117558
117560
117564
117565
117568
117574
117582
117588
117590
117591
117592
117593
117594
117595
117596
117597
117598
117599
117600
117601
117602
117607
117608
117609
117623
117670
117683
117690
117691
117693
117708
117709
117722
117723
117724
117738
117740
117752
117756
117768
117774
117775
117780
117781
117784
117787
117788
117789
117790
117791
117795
117799
117803
117806
117807
117811
117813
117818
117820
117827
117828
117829
117851
117853
117885
117890
117901
117902
117904
117905
117906
117907
117908
117909
117910
117911
117912
117914
117915
117916
117917
117978
117982
117983
117985
117998
118000
118012
118028
118070
118221
118222
118228
118230
118235
118256
118257
118308
118310
118311
118314
118315
118316
118351
118372
118373
118402
118419
118420
118425
118426
118428
118429
118443
118444
118476
118499
118573
118583
118599
118601
118602
118628
118641
118646
118672
118673
118674
118689
118691
118692
118693
118702
118703
118704
118712
118721
118758
118759
118760
118762
118763
118764
118767
118768
118769
118770
118773
118801
118802
118803
118804
118805
118806
118807
118818
118820
118821
118822
118823
118824
118829
118832
118879
118889
118890
118904
118908
118922
118924
118959
118961
118987
118995
118996
119004
119010
119011
119012
119015
119016
119020
119031
119032
119039
119072
119405
119421
119614
119630
119640
119659
119663
119665
119671
119695
119706
119748
119752
119753
119758
119762
119766
119769
119771
119772
119775
119778
119804
119852
119858
119860
119861
119862
119870
119871
119874
119875
119885
119913
119943
119955
119969
120010
120012
120013
120025
120027
120028
120030
120031
120041
120042
120045
120046
120051
120057
120058
120060
120061
120062
120063
120064
120065
120067
120076
120077
120078
120079
120080
120081
120082
120083
120098
120099
120100
120101
120103
120138
120152
120153
120154
120155
120156
120157
120230
120231
120258
120262
120263
120265
120272
120273
120293
120294
120295
120303
120308
120311
120312
120314
120315
120316
120317
120318
120324
120325
120326
120327
120328
120329
120330
120335
120339
120340
120349
120350
120351
120355
120356
120388
120396
120398
120401
120406
120412
120423
120426
120446
120460
120463
120481
120482
120483
120484
120485
120486
120487
120488
120502
120510
120511
120529
120530
120567
120568
120614
120626
120635
120647
120650
120700
120730
120731
120732
120744
120757
120759
120764
120786
120787
120793
120801
120802
120803
120804
120814
128029
128042
128058
128060
128061
128062
128063
128064
128068
128069
128070
128071
128072
128073
128074
128077
128078
128079
128080
128085
128086
128087
128097
128100
128101
128102
128103
128104
128123
128128
128150
128151
128157
128160
128191
128212
128213
128300
128374
128378
128379
128380
128381
128382
128383
128384
128385
128386
128402
128415
128442
128443
128453
128454
128456
128458
128459
128460
128461
128462
128463
128464
128466
128467
128468
128469
128470
128471
128473
128474
128475
128476
128477
128478
128484
128485
128487
128490
128491
128494
128495
128500
128501
128503
128521
128524
128527
128565
128566
128567
128571
128572
128573
128588
128595
128611
128619
128635
128676
128678
128679
128680
128682
128684
128689
128692
128708
128744
128756
128758
128759
128760
128768
128769
128771
128773
128780
128784
128785
128788
128792
128797
128799
128837
128849
128856
128859
128887
128889
128893
128895
128901
128908
128933
128944
128945
128946
128947
128948
128998
129003
129005
129006
129007
129008
129009
129021
129052
129056
129074
129078
129102
129106
129109
129115
129116
129118
129119
129122
129123
129135
129146
129149
129172
129176
129179
129180
129185
129191
129194
129195
129214
129219
129220
129223
129224
129225
129227
129228
129229
129231
129233
129236
129237
129238
129239
129240
129241
129242
129243
129244
129250
129251
129265
129295
129302
129303
129305
129349
129363
129364
129388
129400
129401
129402
129403
129415
129429
129430
129431
129432
129433
129434
129435
129436
129437
129443
129444
129445
129446
129447
129448
129450
129451
129452
129453
129534
129546
129547
129550
129561
129563
129564
129565
129567
129578
129601
129603
129606
129658
129666
129671
129701
129707
129717
129723
129728
129729
129730
129732
129735
129739
129740
129780
129782
129784
129790
129797
129798
129821
129823
129825
129826
129830
129831
129833
129834
129836
129840
129841
129862
129868
129942
129946
129956
129960
129975
129976
129977
129978
129980
129981
129986
129987
129993
129994
129995
129996
129997
130017
130027
130037
130050
130069
130070
130076
130077
130078
130079
130080
130082
130102
130103
130105
130118
130119
130120
130121
130122
130130
130131
130132
130133
130134
130135
130136
130137
130138
130139
130141
130143
130144
130145
130146
130147
130148
130153
130154
130155
130158
130159
130160
130161
130163
130165
130169
130174
130176
130177
130183
130187
130206
130214
130222
130224
130225
130232
130233
130234
130248
130249
130265
130268
130285
130288
130293
130294
130295
130298
130299
130301
130304
130305
130307
130309
130311
130343
130387
130388
130390
130391
130392
130393
130394
130396
130397
130405
130406
130407
130409
130410
130411
130412
130413
130414
130416
130417
130422
130423
130425
130431
130432
130434
130446
130463
130464
130472
130473
130474
130479
130500
130501
130502
130503
130504
130512
130513
130514
130515
130516
130517
130518
130519
130520
130521
130522
130523
130524
130525
130575
130584
130588
130589
130590
130620
130643
130694
130734
130736
130737
130738
130746
130752
130756
130760
130764
130765
130766
130767
130768
130769
130774
130781
130796
130800
130801
130802
130803
130804
130805
130806
130819
130839
130840
130841
130843
130844
130847
130848
130851
130852
130853
130854
130856
130865
130867
130882
130895
130904
130905
130906
130907
130908
130909
130911
130914
130930
130936
130937
130939
130940
130947
130949
130969
130990
130992
130994
131001
131071
131074
131075
131077
131078
131079
131082
131085
131087
131088
131090
131161
131186
131187
131242
131284
131286
131287
131292
131296
131297
131386
131388
131389
131438
131444
131445
131453
131456
131457
131460
131463
131468
131469
131470
131471
131478
131489
131492
131502
131503
131505
131507
131520
131527
131528
131529
131530
131532
131536
131537
131547
131548
131549
131550
131551
131553
131554
131555
131556
131557
131558
131560
131561
131562
131563
131564
131565
131566
131567
131568
131572
131573
131574
131575
131576
131577
131578
131579
131580
131581
131582
131583
131584
131585
131587
131588
131589
131590
131591
131592
131593
131595
131597
131599
131600
131601
131602
131603
131604
131605
131608
131609
131610
131611
131614
131615
131616
131623
131624
131625
131626
131627
131628
131639
131667
131668
131669
131670
131671
131672
131673
131674
131675
131676
131681
131683
131684
131691
131714
131757
131762
131768
131772
131778
131800
131801
131815
131817
131819
131820
131821
131823
131824
131825
131829
131830
131831
131832
131833
131834
131835
131837
131838
131839
131840
131841
131868
131872
131883
131884
131890
131904
131931
131932
131933
131934
131935
131937
131939
131940
131941
131942
131943
131944
131946
131947
131948
131949
131951
131952
131953
131954
131955
131956
131957
131958
131959
131962
131963
131964
131965
131966
131970
131971
131973
131974
131975
131976
131978
131980
131982
131983
131984
131985
131992
131995
131997
131998
131999
132000
132001
132008
132009
132011
132012
132013
132014
132015
132016
132017
132018
132019
132020
132021
132022
132023
132024
132053
132054
132063
132064
132076
132081
132082
132083
132084
132085
132086
132090
132091
132093
132096
132097
132142
132143
132144
132147
132148
132152
132153
132154
132155
132156
132157
132164
132200
132206
132220
132221
132222
132223
132230
132232
132237
132240
132243
132245
132246
132405
132408
132446
132449
132499
132500
132515
132544
132545
132567
132571
132572
132626
132632
132640
132641
132643
132644
132655
132656
132657
132683
132684
132685
132686
132689
132690
132694
132695
132696
132698
132710
132714
132726
132757
132758
132760
132765
132777
132788
132822
132897
132903
132910
132912
132913
132915
132916
132930
132933
132960
132963
132964
133112
133116
133130
133134
133248
133250
133251
133252
133258
133283
133286
133292
133308
133312
133316
133318
133323
133331
133332
133334
133341
133352
133354
133355
133376
133388
133396
133397
133398
133399
133400
133410
133442
133475
133476
133477
133478
133479
133480
133481
133483
133484
133485
133486
133487
133488
133489
133490
133491
133492
133493
133494
133495
133500
133527
133609
133690
133754
133762
133763
133772
133773
133774
133775
133776
133777
133779
133780
133781
133782
133783
133785
133786
133787
133788
133789
133791
133792
133794
133795
133796
133797
133798
133803
133806
133807
133808
133809
133810
133811
133812
133813
133814
133815
133816
133817
133827
133828
133842
133843
133844
133845
133846
133877
133888
133902
133903
133905
133910
133911
133912
133914
133917
133918
133919
133920
133921
133922
133923
133924
133927
133931
133941
133944
133945
133946
133947
133948
133950
133955
133986
134086
134088
134089
134090
134091
134093
134094
134098
134099
134100
134101
134102
134103
134104
134118
134138
134140
134141
134142
134143
134182
134183
134184
134191
134192
134193
134194
134197
134200
134210
134211
134212
134213
134214
134215
134216
134217
134219
134220
134221
134222
134223
134224
134225
134226
134227
134228
134229
134230
134231
134232
134233
134234
134235
134241
134243
134247
134248
134276
134277
134299
134300
134304
134313
134323
134326
134351
134377
134388
134432
134433
134434
134435
134438
134469
134482
134483
134506
134508
134509
134523
134527
134543
134548
134564
134570
134571
134577
134588
134589
134614
134622
134649
134818
134821
134822
134846
134847
134849
134854
134869
134870
134871
134875
134909
134940
134950
134954
134964
134965
134992
135005
135073
135075
135076
135110
135111
135112
135124
135138
135139
135150
135151
135156
135165
135166
135167
135168
135169
135170
135171
135172
135183
135185
135263
135264
135265
135266
135307
135367
135424
135446
135451
135493
135494
135495
135496
135505
135506
135507
135511
135518
135519
135520
135526
135528
135602
135624
135630
135641
135642
135643
135644
135645
135646
135647
135648
135650
135651
135664
135665
135666
135669
135670
135671
135676
135677
135678
135679
135680
135681
135682
135683
135684
135685
135686
135687
135688
135690
135691
135692
135693
135694
135695
135696
135699
135700
135701
135706
135707
135708
135709
135710
135712
135713
135714
135716
135717
135718
135721
135722
135723
135732
135734
135735
135736
135737
135738
135740
135745
135746
135747
135751
135752
135753
135754
135755
135760
135767
135770
135774
135775
135776
135786
135787
135788
135789
135790
135791
135792
135793
135795
135799
135800
135801
135802
135814
135815
135817
135819
135824
135825
135829
135852
135854
135964
135971
135988
135989
135990
135991
135992
135993
135994
135995
135997
136004
136005
136006
136008
136009
136010
136011
136012
136013
136014
136015
136016
136017
136018
136019
136020
136021
136022
136023
136024
136025
136026
136027
136028
136029
136030
136031
136032
136033
136034
136035
136036
136037
136038
136042
136043
136044
136045
136046
136047
136049
136052
136054
136055
136056
136057
136058
136059
136060
136061
136062
136063
136064
136065
136066
136067
136071
136072
136073
136074
136075
136076
136077
136078
136080
136081
136082
136083
136084
136085
136086
136087
136088
136089
136090
136091
136092
136093
136095
136096
136097
136122
136127
136168
136200
136208
136210
136212
136213
136214
136231
136232
136235
136236
136237
136238
136243
136244
136245
136246
136247
136248
136251
136252
136253
136264
136265
136266
136267
136273
136275
136414
136446
136452
136462
136463
136464
136465
136466
136467
136471
136480
136482
136484
136486
136487
136488
136491
136493
136509
136510
136511
136512
136538
136569
136588
136592
136596
136597
136598
136603
136613
136629
136632
136677
136678
136679
136680
136682
136683
136684
136685
136686
136687
136688
136689
136690
136691
136692
136693
136694
136695
136696
136697
136698
136699
136700
136701
136702
136703
136704
136705
136706
136707
136708
136709
136710
136711
136712
136713
136714
136715
136716
136717
136718
136719
136744
136745
136766
136768
136769
136771
136785
136786
136791
136798
136801
136802
136803
136804
136805
136806
136807
136808
136809
136814
136816
136817
136870
136879
136880
136894
136902
136903
136904
136907
136908
136909
136910
136911
136912
136913
136914
136915
136916
136925
136936
136938
136999
137000
137005
137006
137008
137009
137016
137017
137018
137019
137020
137021
137022
137023
137026
137027
137030
137042
137044
137052
137107
137108
137109
137110
137111
137112
137113
137114
137115
137116
137117
137118
137119
137120
137121
137122
137123
137124
137125
137126
137127
137128
137129
137130
137131
137132
137133
137134
137135
137136
137138
137139
137140
137141
137142
137143
137144
137145
137146
137147
137148
137150
137151
137152
137155
137156
137157
137161
137162
137163
137165
137166
137169
137170
137172
137173
137174
137177
137178
137191
137192
137193
137194
137195
137197
137198
137200
137202
137206
137208
137210
137215
137216
137218
137225
137235
137242
137251
137252
137279
137287
137288
137289
137325
137330
137370
137393
137398
137399
137418
137419
137426
137427
137428
137429
137430
137431
137432
137433
137434
137435
137437
137464
137466
137467
137468
137472
137531
137595
137599
137611
137631
137638
137639
137640
137641
137642
137643
137644
137645
137646
137647
137649
137650
137651
137652
137654
137655
137656
137657
137659
137660
137661
137665
137666
137667
137668
137669
137670
137678
137689
137713
137714
137715
137716
137717
137719
137720
137721
137724
137725
137726
137727
137728
137729
137730
137731
137732
137733
137734
137738
137739
137740
137743
137749
137756
137763
137767
137768
137769
137770
137816
137862
137863
137864
137865
137866
137867
137868
137869
137870
137871
137872
137873
137874
137876
137877
137878
137879
137880
137881
137882
137883
137884
137885
137887
137888
137890
137893
137899
137900
137902
137903
137904
137905
137906
137907
137908
137909
137910
137911
137912
137913
137918
137919
137921
137922
137923
137926
137928
137929
137944
138001
138003
138067
138077
138079
138120
138121
138122
138123
138124
138125
138126
138129
138179
138272
138298
138299
138300
138301
138303
138324
138325
138366
138368
138369
138370
138371
138372
138373
138384
138385
138386
138387
138388
138391
138405
138449
138469
138476
138477
138481
138483
138490
138491
138502
138513
138514
138515
138516
138517
138518
138519
138520
138571
138577
138583
138584
138585
138586
138587
138589
138590
138593
138596
138598
138602
138604
138607
138608
138610
138611
138612
138622
138623
138624
138625
138626
138627
138628
138629
138654
138664
138669
138671
138672
138675
138690
138778
138779
138780
138781
138783
138784
138795
138796
138804
138805
138807
138808
138809
138810
138817
138818
138819
138821
138828
138829
138830
138831
138832
138833
138835
138836
138837
138846
138847
138870
138871
138924
138952
138953
138964
139009
139010
139011
139012
139013
139015
139016
139030
139031
139039
139040
139057
139058
139060
139061
139062
139064
139068
139069
139070
139091
139092
139094
139103
139104
139108
139109
139120
139121
139122
139123
139154
139168
139171
139172
139181
139182
139183
139184
139185
139186
139187
139188
139189
139190
139191
139192
139193
139194
139195
139196
139197
139198
139199
139200
139205
139207
139210
139236
139237
139245
139246
139255
139257
139259
139270
139273
139280
139282
139284
139285
139286
139333
139340
139341
139342
139367
139370
139371
139372
139373
139381
139382
139398
139407
139416
139422
139435
139440
139443
139445
139448
139451
139452
139461
139466
139494
139495
139496
139498
139499
139502
139507
139523
139524
139525
139526
139527
139528
139529
139530
139531
139532
139533
139534
139535
139536
139537
139538
139559
139572
139585
139591
139596
139597
139623
139630
139631
139648
139659
139671
139672
139673
139674
139675
139676
139677
139678
139679
139680
139683
139690
139691
139692
139693
139694
139703
139707
139708
139709
139710
139711
139715
139716
139717
139718
139719
139720
139722
139723
139724
139725
139726
139728
139729
139785
139810
139864
139865
139868
139869
139872
139880
139881
139882
139883
139884
140009
140010
140011
140012
140013
140014
140015
140016
140019
140020
140021
140025
140027
140028
140033
140066
140080
140082
140083
140084
140085
140087
140093
140095
140099
140105
140107
140110
140111
140112
140121
140122
140124
140179
140182
140183
140217
140240
140260
140261
140262
140264
140265
140266
140267
140280
140281
140292
140295
140321
140323
140324
140326
140327
140328
140329
140330
140428
140457
140458
140521
140522
140540
140541
140543
140544
140545
140546
140547
140550
140551
140553
140573
140588
140589
140590
140594
140595
140605
140606
140621
140633
140685
140720
140721
140722
140723
140729
140730
140747
140753
140759
140760
140761
140762
140763
140793
140794
140801
140805
140812
140816
140823
140851
140852
140855
140856
140857
140859
140860
140861
140863
140864
140865
140866
140867
140974
140975
140977
140982
140983
140985
141007
141008
141025
141026
141027
141028
141030
141032
141033
141041
141043
141045
141047
141048
141049
141051
141052
141054
141055
141056
141057
141069
141070
141072
141073
141074
141075
141077
141078
141079
141080
141097
141098
141099
141100
141101
141102
141106
141107
141108
141109
141110
141112
141114
141115
141117
141118
141119
141120
141121
141122
141123
141124
141125
141126
141127
141128
141129
141130
141131
141132
141133
141134
141135
141136
141137
141138
141139
141140
141141
141142
141143
141144
141145
141146
141147
141148
141149
141150
141151
141152
141153
141154
141155
141156
141157
141158
141159
141160
141161
141162
141163
141166
141168
141169
141171
141174
141175
141177
141180
141181
141182
141243
141244
141277
141326
141328
141349
141353
141356
141357
141358
141359
141360
141361
141362
141363
141364
141365
141382
141394
141395
141400
141401
141408
141409
141410
141443
141444
141446
141448
141449
141450
141471
141476
141490
141496
141497
141498
141499
141500
141501
141502
141503
141504
141505
141506
141508
141542
141543
141544
141546
141547
141641
141642
141645
141661
141662
141663
141664
141665
141673
141674
141675
141679
141686
141689
141690
141691
141692
141725
141726
141727
141728
141729
141730
141731
141732
141733
141734
141757
141758
141763
141764
141765
141766
141767
141768
141769
141770
141771
141772
141773
141774
141775
141776
141777
141778
141780
141781
141782
141783
141784
141785
141786
141787
141788
141789
141790
141791
141792
141793
141794
141795
141796
141797
141798
141799
141800
141801
141802
141803
141804
141805
141806
141807
141809
141810
141811
141812
141866
141867
141891
141892
141895
141897
141898
141899
141912
141913
141945
141946
141947
141948
141949
141950
141951
141952
141953
141968
141969
141990
142003
142055
142056
142057
142058
142075
142089
142104
142107
142108
142143
142144
142145
142166
142167
142168
142169
142170
142171
142172
142173
142174
142175
142176
142177
142182
142185
142186
142187
142192
142193
142227
142230
142233
142240
142243
142246
142247
142248
142260
142284
142285
142286
142312
142341
142343
142344
142345
142346
142348
142376
142387
142388
142389
142390
142393
142417
142418
142419
142427
142476
142523
142536
142540
142541
142543
142544
142545
142548
142604
142610
142632
142633
142640
142644
142664
142665
142686
142690
142703
142755
142759
142760
142761
142762
142763
142764
142765
142766
142767
142773
142774
142782
142783
142784
142785
142786
142792
142795
142818
142869
142909
142910
142913
142930
142931
142934
142954
142961
142963
142964
142965
142969
142986
142995
142996
143062
143075
143081
143091
143099
143125
143170
143178
143240
143246
143249
143250
143266
143286
143304
143309
143310
143320
143321
143322
143344
143377
143378
143379
143397
143405
143406
143421
143422
143444
143449
143461
143462
143511
143512
143513
143518
143519
143533
143535
143554
143555
143556
143557
143559
143560
143581
143583
143584
143599
143603
143604
143605
143616
143624
143625
143626
143627
143628
143629
143630
143631
143632
143648
143656
143661
143664
143665
143679
143680
143693
143694
143695
143699
143751
143830
144034
144035
144036
144037
144038
144039
144040
144046
144058
144059
144083
144084
144099
144101
144102
144103
144112
144113
144114
144115
144116
144117
144119
144120
144121
144122
144123
144124
144125
144126
144127
144128
144131
144138
144142
144144
144145
144147
144148
144199
144215
144216
144217
144218
144219
144330
144331
144332
144333
144334
144335
144336
144337
144338
144339
144341
144342
144343
144344
144345
144346
144347
144348
144349
144350
144351
144352
144353
144354
144355
144356
144357
144358
144359
144360
144361
144362
144363
144364
144365
144366
144367
144368
144369
144370
144371
144372
144373
144403
144404
144405
144406
144407
144410
144411
144412
144413
144414
144415
144418
144421
144422
144423
144424
144425
144426
144427
144428
144429
144430
144431
144432
144439
144440
144441
144442
144444
144448
144449
144450
144451
144452
144453
144454
144455
144456
144457
144458
144459
144460
144461
144462
144463
144464
144465
144466
144467
144470
144471
144472
144473
144474
144475
144476
144480
144482
144488
144490
144491
144533
144534
144535
144536
144537
144539
144540
144541
144542
144543
144544
144545
144560
144561
144574
144601
144602
144671
144690
144691
144692
144870
15106
15108
15111
15112
15113
15114
15115
15119
15120
15121
15122
15125
15126
15127
15128
15129
15130
15131
15132
15133
15134
15139
15140
15141
15142
15144
15145
15146
15150
15154
15159
15160
15164
15165
15171
15172
15173
15174
15298
15358
15594
15595
15596
15711
15732
15733
15734
15737
15738
15739
15740
15741
15742
15744
15745
15746
15747
15748
15749
15750
15751
15752
15753
15754
15755
15756
15769
15771
15772
15905
15906
15922
15923
15924
15925
15926
15928
15930
15931
15940
15961
15962
15963
15964
16020
16058
16067
16072
16086
16107
16108
16180
16181
16182
16184
16185
16186
16189
200001
200002
200004
200005
2000058
200008
200009
200010
200011
200013
200024
200026
200029
200030
200035
200037
200038
200039
200040
200041
200042
200043
2000455
2000479
2000490
2000503
200051
200056
200057
200059
200060
200061
2000633
200093
200098
200103
200104
200105
200106
200109
200110
200111
2001123
200115
200116
200117
2001272
2001320
200145
200146
200147
2001475
200148
200151
200152
200156
2002021
2002051
2002065
2002088
200263
200264
200269
200273
200353
200359
200362
200389
200390
200391
200401
200441
200459
200508
200511
200512
200545
200547
200557
200558
200562
200580
200585
200647
200649
200703
200724
200725
200733
200769
200770
200788
200825
200830
200864
200878
2010473
2010488
2010489
300003
300007
300062
300063
300064
300065
300066
300067
300073
300075
300085
300086
300094
300097
300099
300114
300115
300118
300119
300120
300121
300137
300138
300142
300143
300144
300165
300178
300183
300198
300210
300213
300219
300229
300245
300247
300254
300256
300260
300261
300278
300281
300282
300284
300300
300303
300324
300349
300379
300380
300387
300398
300400
300401
300408
300412
300424
300425
300428
300429
300446
300450
300460
300470
300471
300473
300475
300476
300478
300482
300483
300489
300495
300501
300502
300507
300523
300536
300537
300545
300551
300560
300597
300600
300612
300617
300621
300627
300646
300651
300664
300670
300677
300680
300681
300682
300683
300684
300699
300702
300705
300707
300708
300709
300710
300711
300712
300713
300716
300739
300740
300741
300742
300744
300745
300752
300754
300756
300772
300773
300806
300810
300821
300822
300835
300839
300843
300851
300917
300925
300928
300950
300951
300969
300970
300972
300973
300978
300979
300980
300981
301000
301003
301009
301030
301032
301041
301052
301062
301068
301070
301082
301086
301089
301091
301092
301094
301100
301105
301114
301115
301116
301117
301121
301123
301133
301153
301176
301177
301178
301208
301209
301210
301225
301227
301228
301255
301256
301259
301260
301270
301272
301277
301297
301301
301309
301315
301316
301317
301328
301346
301349
301350
301358
301361
301365
301376
301378
301383
301384
301389
301406
301412
301417
301419
301427
301428
301429
301436
301443
301445
301449
301450
301451
301454
301460
301461
301471
301476
301477
301478
301479
301497
301509
301510
301515
301518
301526
301538
301542
301543
301557
301563
301569
301579
301619
301620
301621
301622
301629
301630
301645
301657
301664
301672
301677
301678
301682
301704
301710
301727
301730
301741
301742
301745
301749
301775
301789
301810
301817
301829
301835
301842
301843
302073
302137
302138
302293
302303
302306
302345
302346
302347
302349
302351
302357
302359
302397
302398
302415
302522
302548
302557
302558
302948
302958
302973
302974
303011
303080
303147
303155
303160
303378
303402
303404
303405
303427
303440
303534
303535
303536
303537
303548
303549
303675
303676
303682
303766
303977
304312
304394
304409
304422
304435
304471
304541
304542
304543
304544
304545
304546
304547
304548
304549
304551
304552
304553
304554
304555
304556
304557
304558
304559
304560
304561
304562
304563
304564
304565
304566
304567
304568
304569
304570
304571
304572
304574
304576
304577
304578
304580
304581
304583
304585
304586
304588
304591
304592
304593
304594
304595
304596
304597
304598
304599
304600
304601
304602
304603
304604
304605
304606
304607
304608
304621
304622
304623
304624
304636
304637
304638
304639
304640
304641
304642
304643
304644
304645
304646
304647
304648
304649
304650
304651
304654
304655
304656
304657
304658
304659
304734
304739
304741
304742
304743
304745
304746
304747
304748
304749
304751
304752
304753
304754
304755
304756
304757
304758
304759
304762
304763
304777
304808
304809
304812
304911
304912
305145
305202
305868
305869
305890
306087
306117
306287
306314
306324
320911
326642
326643
326644
326645
326646
326647
326648
326649
326650
326652
326653
326654
326655
326656
326657
326658
326659
326660
326661
326662
326663
326664
326665
326666
326667
326668
326669
326670
326671
326672
326673
326674
326675
326676
326677
326678
326679
326682
326683
326684
326685
326686
326687
326688
326689
326690
326691
326692
326693
326694
326695
326696
326697
326698
326699
326703
326704
326705
326706
326710
326711
326712
326713
326714
326715
326716
326717
326718
326719
326732
326733
326734
326735
326736
326737
326738
326739
326740
326744
326870
327088
327090
327091
327093
327097
327099
327110
327167
327175
327217
327241
327310
327334
327353
327364
327365
327369
327371
327372
327699
327743
327744
327747
327748
327749
327750
327751
327752
327753
327754
327755
327756
327757
327758
327759
327761
327763
327764
327765
327803
327884
328141
328183
328188
328232
328255
328256
328257
328258
328259
328260
328331
328332
328333
328334
328335
328336
328337
328338
328341
328386
328397
328403
328404
328439
328440
328441
328857
328858
328859
328860
328861
328874
328910
328943
328955
328965
328969
328971
328972
328982
328997
329081
329097
329098
329109
329110
329112
329166
329167
329212
329213
329421
329422
329423
329424
329440
329441
329442
329445
329446
329448
329451
329454
329479
329523
329671
329672
329673
329674
329675
329676
329677
329678
329679
329680
329681
329682
329683
329684
329685
329686
329687
329688
329763
329764
329765
329766
329767
329809
329839
329859
329860
329861
329862
329867
329868
329869
329870
329871
329872
329873
329874
329875
329876
329877
329878
329879
329881
329882
329947
329982
329983
329984
329985
329986
329987
329996
330050
330051
330134
330183
330200
330201
330202
330203
330204
330245
330297
330316
330317
330318
330599
330602
330638
330647
330675
330676
330708
330739
330750
330755
330817
330818
330819
330840
330841
330842
330843
330844
330845
330889
330890
330971
330974
330999
331000
331008
331327
331328
331329
331330
331331
331332
331333
331334
331336
331337
331338
331344
331345
331347
331348
331350
331381
331382
331393
331394
331395
331406
331453
331454
331465
331466
331467
331468
331469
331627
331628
400002
400006
400009
400018
400019
400020
400040
400041
400044
400046
400049
400050
400053
400055
400057
400058
400059
400061
400062
400063
400064
400066
400069
400073
400079
400080
400081
400083
400086
400091
400093
400097
400099
400103
400108
400110
400111
400116
400120
400125
400137
400139
400144
400146
400148
400149
400152
400153
400157
400158
400160
400161
400165
400170
400171
400173
400175
400181
400182
400186
400188
400189
400191
400197
400204
400210
400215
400224
400226
400234
400245
400247
400252
400258
400261
400266
400274
400275
400276
400277
400283
400284
400285
400287
400295
400296
400299
400301
400311
400312
400327
400328
400331
400339
400340
400343
400344
400349
400354
400355
400357
400358
400365
400367
400374
400376
400377
400381
400386
400389
400397
400399
400401
400413
400414
400415
400420
400423
400427
400428
400433
400435
400440
400446
400468
400472
400482
400483
400485
400486
400488
400492
400499
400504
400505
400506
400507
400508
400509
400510
400511
400516
400517
400518
400522
400524
400525
400528
400590
400594
400596
400597
400611
400628
400629
400631
400636
400645
400646
400650
400654
400655
400660
400666
400684
400685
400690
400692
400716
400736
400744
400764
400771
400776
400778
400782
400784
400785
400787
400816
400821
400823
400825
400840
400841
400843
400845
400846
400848
400851
400856
400857
400863
400869
400871
400872
400874
400875
400878
400886
400902
400907
400910
400914
400918
400920
400921
400924
400952
400998
401252
401253
401255
401285
401295
401299
401300
401303
401305
401338
402011
402184
402587
402642
402650
402657
402662
402691
402696
402699
402733
402760
402812
402840
403110
403186
403714
403715
403736
403786
403819
403820
403927
404032
404056
404057
404116
404262
404292
404490
404521
404547
404573
404648
404760
404851
404868
404883
404927
404932
404992
404999
405269
405344
405345
405350
405351
405408
405488
405527
405840
405861
405927
405932
405938
406095
406098
406099
406162
406397
406405
406518
406552
406569
406754
406760
406761
406762
406808
406824
406825
406828
406829
406830
406831
406832
406833
406834
406839
406865
406866
406867
406970
406972
406976
407224
407225
407251
407252
407253
407254
407267
407268
407270
407271
407388
407389
407390
407391
407392
407393
407394
407428
407429
407430
407438
407439
407440
407456
407460
407483
407484
407485
407522
407587
407596
407684
407685
407693
407703
407707
407712
407861
407871
407881
407929
407952
408052
408172
408227
408288
408305
408306
408336
408454
408457
408460
408484
408515
408526
408543
408562
408729
408748
408814
408918
408929
409265
409267
409286
409424
409466
409779
410054
410099
410152
410157
410308
410326
410327
410465
410481
410482
410524
410526
410604
410605
410606
410728
410793
410807
410822
410823
410843
410863
410864
410865
410866
410867
410868
410869
410870
410871
410872
410873
410874
410875
410877
410878
410879
410880
410881
410882
410884
410885
410886
410887
410888
410890
410891
410892
410894
410899
410900
410902
410903
410905
410906
410907
410908
410909
410910
410911
410912
410931
410932
410933
410936
410937
410939
410940
410941
410942
410952
410956
410959
410960
410961
410962
410963
411001
411013
411020
411033
411034
411035
411036
411037
411038
411039
411040
411041
411042
411043
411044
411049
411050
411051
411101
411102
411103
411104
411105
411106
411107
411108
411192
411193
411194
411195
411196
411197
411198
411199
411200
411201
411202
411203
411204
411205
411206
411207
411208
411209
411210
411211
411212
411213
411214
411215
411216
411217
411218
411219
411220
411221
411222
411223
411224
411225
411226
411227
411228
411229
411230
411231
411232
411233
411234
411235
411236
411237
411238
411239
411241
411383
411401
411432
411433
411434
411435
411436
411437
411438
500001
500005
500006
500007
500015
500020
500022
500023
500024
500025
500026
500028
500030
500032
500037
500038
500040
500043
500044
500045
500046
500048
500050
500054
500055
500057
500060
500061
500063
500064
500065
500066
500067
500068
500070
500072
500073
500075
500077
500078
500079
500081
500088
500090
500091
500093
500095
500096
500098
500099
500109
500114
500117
500118
500120
500121
500122
500124
500125
500126
500127
500129
500130
500155
500156
500157
500159
500165
500166
500169
500170
500171
500177
500178
500179
500180
500185
500196
500223
500234
500235
500236
500247
500257
500259
500262
500270
500271
500272
500273
500274
500275
500276
500277
500278
500279
500280
500281
500282
500283
500284
500286
500287
500288
500289
500290
500293
500294
500295
500296
500297
500298
500299
500300
500302
500330
500331
500332
500335
500336
500337
500338
500339
500342
500344
500345
500346
500348
500349
500350
500357
500358
500359
500360
500361
500362
500363
500364
500365
500366
500367
500368
500369
500370
500371
500372
500373
500374
500375
500376
500377
500378
500379
500388
500389
500390
500391
500394
500395
500396
500397
500398
500399
500400
500401
500402
500403
500404
500405
500406
500407
500408
500409
500410
500411
500412
500413
500414
500415
500416
500417
500418
500419
500420
500421
500422
500423
500433
500452
500520
500545
500571
500609
500627
500628
500629
500630
500636
500637
500638
500639
500641
500676
500945
500946
500949
500950
500951
500960
500961
500962
500963
500964
500965
500966
500967
500968
500969
500970
500971
500972
500973
500974
500975
500976
500977
500979
500981
500982
500983
500986
500987
500988
500989
500990
500991
500992
500993
500994
500995
500996
500997
500998
501005
501058
501093
501094
501107
501108
501109
501110
501111
501112
501113
501247
501262
501265
501266
501267
501268
501269
501374
501375
501376
501388
501389
501390
501936
501937
501938
501939
501940
501941
501942
501943
501945
502013
502219
502221
502225
502226
502227
502228
502235
502236
502274
502279
502280
502295
502356
502362
502363
502654
502655
502675
502701
502702
502706
502707
502708
502714
502717
502718
502719
502720
502721
502722
502723
502724
502725
502726
502727
502728
502729
502730
502731
502732
502733
502734
502735
502736
502737
502740
502741
502742
502747
502808
502809
502810
502811
502812
502813
502816
502817
502818
502819
502822
502841
502842
502844
502877
502881
502882
502909
502987
503001
503002
503003
503006
503112
503127
503156
503157
503174
503187
503199
503200
503205
503404
503439
503785
503790
503823
504109
504255
504256
504288
504486
504518
504601
504602
504603
504604
504627
504630
504638
504659
504680
504719
504806
504807
504816
504848
504849
504850
504851
504852
504853
504854
504931
504971
504972
504973
504974
504976
504977
504978
504979
504980
504981
504982
504983
504984
504985
504986
504987
504988
504989
504990
504991
504992
504993
504994
504995
504996
504997
504998
504999
505000
505001
505002
505046
505047
505063
505102
505132
505133
505134
505172
505379
505528
505529
505530
505531
505562
505608
505609
505610
505611
505612
505613
505614
505615
505616
505790
505847
505848
505851
505853
505854
505855
505857
505859
505862
505863
505878
505879
505880
505881
505883
505884
505885
505886
505887
505888
505889
505890
505891
505892
505893
505894
505895
505896
505897
505898
505905
506051
506052
506058
582852
582853
582855
600002
600003
600004
600005
600009
600010
600011
600012
600013
600016
600023
600025
600033
600034
600035
600037
600038
600041
600043
600045
600048
600055
600057
600058
600059
600060
600061
600062
600063
600065
600067
600068
600069
600073
600074
600076
600077
600078
600080
600084
600086
600088
600089
600090
600091
600092
600093
600095
600105
600106
600115
600129
600130
600132
600133
600136
600138
600139
600140
600142
600143
600144
600145
600146
600147
600148
600149
600150
600151
600152
600153
600154
600155
600156
600157
600160
600162
600163
600164
600168
600170
600171
600172
600173
600177
600178
600180
600181
600185
600186
600193
600194
600195
600197
600198
600199
600200
600201
600202
600210
600213
600218
600219
600220
600221
600223
600227
600229
600230
600231
600232
600234
600237
600238
600241
600247
600255
600266
600267
600268
600276
600277
600280
600287
600290
600293
600296
600298
600299
600313
600319
600320
600329
600332
600333
600334
600345
600348
600350
600352
600359
600360
600361
600362
600369
600371
600372
600380
600384
600401
600405
600410
600415
600418
600420
600421
600447
600449
600450
600451
600452
600453
600454
600455
600456
600457
600463
600465
600475
600479
600480
600484
600487
600488
600489
600490
600494
600499
600500
600501
600502
600503
600504
600520
600528
600529
600530
600532
600534
600535
600538
600539
600545
600548
600559
600567
600568
600569
600570
600578
600589
600593
600594
600595
600598
600600
600602
600603
600604
600613
600622
600623
600624
600635
600637
600638
600639
600649
600672
600674
600675
600708
600734
600748
600754
600763
600764
600765
600766
600767
600768
600773
600775
600776
600780
600785
600786
600793
600794
600795
600803
600804
600805
600806
600810
600820
600821
600824
600979
600994
600995
600996
600997
600998
600999
601000
601001
601002
601003
601004
601006
601007
601008
601009
601010
601011
601012
601013
601014
601015
601016
601017
601033
601034
601036
601042
601045
601046
601049
601072
601073
601074
601075
601076
601085
601086
601087
601088
601089
601090
601091
601092
601093
601094
601095
601096
601097
601098
601102
601104
601105
601106
601107
601108
601109
601112
601113
601115
601119
601120
601282
601285
601301
601314
601329
601330
601350
601352
601353
601354
601356
601358
601360
601364
601375
601376
601383
601398
601423
601424
601437
601438
601439
601440
601441
601444
601446
601451
601454
601457
601458
601459
601460
601461
601462
601464
601465
601466
601467
601468
601516
601517
601522
601523
601528
601531
601535
601548
601550
601571
601573
601577
601578
601579
601580
601581
601582
601811
601821
601835
601837
601838
601839
601840
601903
601904
601905
601906
601907
601908
601909
601910
601989
601990
601991
602028
602054
602081
602236
602237
602475
602476
602481
602483
602632
602821
602822
602823
602825
602828
602829
602830
602919
602920
602921
602923
602943
602944
602945
602946
602948
602950
602965
603023
603026
603119
603150
603151
603152
603153
603154
603155
603156
603157
603160
603167
603203
603204
603243
603323
603361
603366
603374
603375
603376
603377
603378
603379
603380
603381
603382
603383
603384
603385
603386
603387
603388
603389
603390
603391
603392
603393
603394
603395
603396
603397
603399
603400
603403
603404
603405
603406
603407
603408
603409
603410
603411
603412
603414
603415
603416
603417
603418
603419
603420
603422
603424
603426
603427
603428
603429
603430
603431
603432
603433
603434
603435
603436
603437
603438
603439
603440
603441
603442
603443
603444
603445
603446
603447
603449
603450
603451
603452
603453
603454
603455
603456
603457
603458
603459
603460
603461
603462
603463
603464
603465
603466
603467
603468
603469
603470
603471
603472
603473
603474
603475
603476
603477
603478
603479
603480
603481
603482
603483
603484
603485
603486
603487
603488
603489
603490
603491
603492
603493
603494
603495
603496
603497
603499
603500
603501
603502
603503
603504
603505
603506
603507
603508
603509
603510
603511
603512
603513
603514
603515
603516
603517
603518
603519
603520
603521
603522
603523
603524
603525
603537
603538
603539
603540
603541
603542
603543
603544
603545
603546
603547
603548
603549
603550
603551
603552
603553
603557
603559
603560
603561
603562
603563
603564
603565
603566
603567
603568
603569
603570
603571
603572
603573
603574
603575
603576
603577
603578
603580
603581
603582
603583
603584
603585
603586
603587
603588
603589
603590
603591
603592
603593
603594
603595
603596
603597
603598
603599
603600
603601
603602
603603
603604
603605
603606
603607
603608
603609
603610
603611
603612
603613
603614
603615
603616
603617
603618
603619
603620
603621
603622
603623
603624
603625
603626
603627
603628
603629
603630
603631
603632
603633
603634
603635
603636
603637
603638
603639
603640
603641
603642
603643
603644
603645
603646
603647
603648
603649
603650
603651
603652
603653
603654
603655
603656
603657
603658
603659
603660
603661
603662
603663
603664
603667
603668
603669
603671
603672
603673
603674
603675
603676
603677
603678
603679
603680
603681
603682
603683
603684
603686
603687
603688
603689
603690
603691
603692
603693
603694
603697
603698
603699
603700
603701
603702
603704
603705
603706
603708
603709
603710
603711
603712
603713
603714
603715
603717
603718
603719
603720
603721
603724
603725
603726
603727
603728
603729
603730
603731
603733
603734
603735
603736
603737
603738
603739
603740
603741
603742
603743
603744
603746
603747
603748
603749
603750
603753
603754
603755
603756
603757
603758
603759
603763
603775
603776
603777
603778
603779
603780
603781
603782
603783
603784
603785
603786
603787
603788
603789
603790
603791
603792
603793
603794
603798
603799
603800
603801
603802
603804
603805
603806
603807
603808
603809
603810
603811
603812
603813
603814
603815
603816
603817
603818
603819
603820
603821
603822
603823
603824
603825
603828
603831
603832
603833
603834
603836
603837
603838
603839
603840
603841
603842
603843
603844
603845
603846
603847
603848
603849
603850
603851
603852
603853
603854
603855
603856
603857
603858
603859
603860
603861
603862
603863
603864
603865
603866
603867
603868
603869
603870
603871
603872
603873
603874
603875
603876
603877
603878
603879
603880
603881
603882
603883
603884
603885
603886
603887
603888
603889
603890
603933
603934
603955
604041
604042
604043
604044
604045
604046
604047
604048
604049
604050
604051
604052
604053
604054
604055
604056
604057
604058
604084
604088
604089
604092
604150
604160
604161
604162
604163
604164
604165
604166
604167
604168
604170
604171
604172
604173
604174
604175
604176
604192
604193
604194
604204
604207
604208
604209
604210
604212
604216
604217
604276
604280
604281
604288
604289
604290
604291
604292
604313
604535
604652
604719
604720
604723
604724
604730
604740
604741
604742
604743
604744
604746
604747
604748
604749
604750
604751
604761
604788
604793
604802
604835
604864
604865
604903
604922
604924
604928
604930
604931
604932
604936
604937
604939
604940
604941
604946
604947
604948
604949
604950
604952
604954
604955
604958
604961
604962
604963
604967
604971
604973
604975
604977
604978
604979
604980
604981
604984
604989
604990
604991
604996
604998
605018
605025
605026
605027
605031
605034
605062
605063
605064
605083
605108
605113
605137
605764
605767
605768
605799
605854
605915
605927
605987
626005
626006
626008
626012
626031
626052
626064
626089
626159
626160
626161
626173
626174
626176
626178
626179
626180
626221
626280
626281
626287
626297
626298
626299
626300
626312
626314
626315
626316
626317
626318
626319
626320
626321
626323
626324
626325
626326
626327
626328
626329
626331
626332
626333
626334
626335
626336
626337
626338
626339
626344
626345
626346
626348
626349
626351
626352
626353
626355
626356
626357
626358
626359
626364
626365
626366
626367
626368
626369
626370
626373
626374
626376
626377
626378
626379
626380
626381
626383
626385
626386
626389
626390
626394
626450
626451
626452
626454
626455
626460
626468
626469
626478
626488
626490
626493
626495
626497
626503
626504
626531
626532
626533
626534
626540
626544
626556
626593
626594
626628
626631
626635
626636
626637
626638
626648
626650
626651
626652
626659
626687
626689
626719
626724
626728
626729
626751
626759
626776
626785
626786
626787
626851
626895
626902
626919
626938
626939
626940
626948
627011
627012
627013
627014
627135
627151
627179
627199
627200
627206
627226
627227
627228
627229
627246
627249
627252
627258
627259
627260
627264
627273
627278
627283
627288
627357
627358
627359
627371
627372
627382
627385
627388
627389
627390
627391
627396
627397
627400
627401
627407
627408
627409
627411
627412
627413
627417
627424
627425
627473
627490
627491
627492
627493
627494
627495
627496
627497
627498
627499
627500
627501
627502
627508
627509
627510
627511
627512
627513
627514
627515
627516
627517
627518
627519
627520
627521
627522
627523
627524
627525
627526
627527
627528
627529
627530
627531
627532
627533
627534
627535
627536
627537
627538
627539
627540
627541
627542
627543
627544
627545
627546
627547
627548
627549
627550
627551
627552
627553
627554
627555
627556
627557
627558
627559
627560
627561
627562
627563
627564
627565
627566
627567
627568
627569
627570
627571
627572
627573
627574
627575
627576
627577
627578
627579
627580
627581
627582
627583
627584
627585
627586
627587
627588
627589
627590
627613
627614
627619
627620
627621
627624
627625
627638
627639
627660
627661
627662
627663
627664
627742
627751
627752
627757
627760
627790
627791
627796
627797
627815
627816
627825
627848
627853
627859
627882
627888
627889
627890
627891
627892
627893
627894
627911
627913
627952
627973
627974
627975
627976
627997
628004
628124
628126
628128
628170
628196
628197
628198
628199
628200
628201
628211
628212
628221
628222
628231
628232
628233
628248
628249
628254
628255
628263
628268
628282
628283
628284
628285
628342
628350
628351
628352
628353
628361
628362
628367
628378
628379
628380
628383
628387
628388
628389
628390
628401
628402
628403
628440
628441
628442
628443
628455
628479
628480
628502
628503
628504
628505
628506
628507
628509
628510
628512
628513
628514
628516
628517
628518
628941
628967
628968
628973
628982
628986
628987
629030
629031
629032
629043
629049
629052
629053
629097
629098
629099
629100
629101
629102
629118
629119
629120
629127
629128
629129
629130
629131
629132
629155
629156
629157
629158
629159
629219
629220
629221
629222
629239
629246
629247
629248
629249
629254
629255
629273
629274
629275
629280
629287
629288
629289
629290
629291
629292
629301
629607
629608
629609
629610
629611
629612
629632
629640
629669
629670
629671
629678
629683
629684
629692
629727
629756
629757
629758
629761
629763
629764
629765
629810
629811
629812
629813
629814
629815
629816
629822
629823
629824
629858
629865
629866
629867
629870
629871
629872
629874
629875
629908
629923
629924
629925
629926
629927
629928
629929
629930
629931
629932
629933
629934
629935
629936
629937
629938
629939
629940
629941
629942
629943
629944
629945
629946
629947
629948
629949
629960
629961
629962
629963
629977
629978
629979
629980
629981
629982
629983
629984
629993
629994
629995
629996
629997
629998
629999
630000
630001
630002
630003
630004
630005
630006
630007
630008
630009
630012
630013
630015
630016
630017
630018
630019
630020
630021
630022
630023
630024
630025
630026
630027
630028
630053
630054
630057
630069
630070
630071
630086
630087
630095
630102
630133
630146
630238
630259
630260
630261
630262
630263
630264
630265
630266
630267
630268
630269
630270
630271
630275
630276
630278
630286
630293
630308
630309
630315
630316
630805
630806
630807
630826
630832
630860
630861
630895
630896
630929
630930
630939
630940
630942
630943
630944
630945
630946
630947
630948
630949
630950
630951
630952
630955
630956
630957
630958
630959
630961
630962
630964
630965
630966
630967
630968
630969
630970
630971
630972
630973
630974
630975
630976
630977
630980
630981
630982
631004
631005
631023
631024
631053
631054
631055
631083
631084
631085
631086
631087
631088
631089
631122
631123
631124
631125
631126
631127
631153
631154
631155
631156
631157
631158
631159
631160
631161
631162
631183
631184
631185
631186
631187
631188
631189
631190
631191
631192
631193
631194
631195
631196
631197
631198
631199
631201
631222