1000017
1000050
1000178
1000219
1000395
1000470
1000511
1000830
1000880
1000891
1001235
1001268
1001269
1001481
1001489
1001503
1001552
1001826
1001857
1001888
1001903
1001906
1001999
1002021
1002384
1002428
1002750
1002782
1003057
1003097
1003234
1003251
1003369
1003647
1003816
1004026
1004320
1004378
1004820
1005175
1005467
1005607
1005725
1005735
1005753
1005754
1005758
1005759
1005770
1005780
1005782
1004608
1005757
1005781
1001235
1005255
1002466
1005679
1000153
1004151
1005784
1001123
1004275
1001413
1002347
1002691
1001517
1002782
1001682
1001179
1001575
1000890
1002360
1002377
1001324
1001492
1000666
1005729