100833
100883
143817
147938
150229
164196
167195
167556
169971
170400
189641
189675
189979
190291
190316
190438
190439
191033
191034
191075
191106
203628
231675
241968
241978
241983
241985
241989
241999
242000
242002
242004
242022
242025
242027
242028
242029
242030
242034
242037
242038
242040
242057
242063
242067
242074
242075
242076
242078
242082
242086
242090
242091
242092
242093
242094
242100
242101
242103
242104
242108
242109
242112
242115
242119
242120
242121
242134
242135
242136
242137
242138
242139
242142
242146
242150
242151
242153
242154
242155
242156
242157
242158
242161
242162
242168
242169
242170
242171
242172
242174
242178
242180
242181
242182
242183
242190
242191
242192
242193
242194
242202
242204
242205
242206
242208
242209
242213
242214
242215
242217
242218
242219
242220
242221
242222
242223
242224
242234
242237
242238
242239
242240
242241
242245
242249
242250
242253
242254
242255
242256
242259
242261
242262
242267
242269
242270
242272
242276
242277
242278
242281
242282
242283
242284
242285
242286
242291
242292
242294
242295
242297
242298
242301
242302
242303
242306
242307
242314
242317
242321
242322
242328
242331
242332
242335
242337
242339
242345
242347
242348
242351
242352
242353
242356
242360
242361
242362
242363
242364
242365
242366
242369
242370
242374
242375
242376
242377
242378
242379
242383
242385
242386
242388
242389
242394
242396
242397
242398
242399
242401
242402
242403
242404
242406
242408
242410
242411
242414
242415
242420
242423
242424
242426
242431
242432
242434
242435
242437
242440
242441
242443
242445
242446
242447
242448
242449
242450
242451
242452
242454
242456
242458
242461
242463
242465
242466
242467
242468
242470
242474
242478
242479
242481
242482
242483
242484
242487
242488
242489
242490
242492
242495
242496
242497
242498
242499
242501
242505
242508
242510
242511
242513
242514
242516
242517
242518
242519
242522
242523
242524
242525
242526
242529
242536
242537
242539
242540
242544
242545
242548
243571
243572
243573
243576
243584
243587
243588
243595
243599
243662
243663
243679
243690
243764
243824
243830
243846
243858
243875
243878
243880
243950
243951
243952
243953
243954
243955
243956
243957
243958
243959
243960
243961
243962
243963
243964
243965
243966
243967
243968
243969
243970
243971
243972
243973
243974
243975
243976
243977
243978
243980
243982
243983
243985
243988
243989
243990
243998
244002
244008
244038
244052
244055
244056
244060
244069
244081
244082
244083
244084
244085
244086
244087
244090
244091
244094
244095
244098
244099
244102
244103
244106
244107
244143
244272
244276
244300
244301
244302
244303
244304
244305
244307
244308
244310
244314
244315
244316
244317
244318
244319
244320
244322
244324
244325
244327
244329
244337
244338
244339
244341
244344
244345
244346
244348
244350
244351
244352
244353
244364
244368
244376
244410
244411
244420
244421
244435
244462
244464
244474
244540
244552
244553
244568
244572
244592
244599
245385
245415
245417
245425
245432
245436
245437
245438
245439
245443
245456
245501
245504
245516
245518
245520
245524
245527
245531
245539
245548
245549
245579
245582
245585
245587
245590
245592
245597
245598
245603
245604
245607
245616
246414
246441
246445
246454
246517
246536
246630
246631
246649
246650
246652
246653
246654
246658
246661
246662
246663
246695
246751
246762
247252
247339
247340
247345
247346
247349
247350
247352
247353
247354
247355
247356
247357
247359
247362
247364
247388
247390
247391
247392
247393
247395
247396
247400
247404
247409
247410
247412
247419
247422
247424
247426
247427
247428
247429
247432
247433
247434
247435
247439
247441
247445
247446
247448
247449
247450
247451
247453
247457
247458
247460
247461
247464
247466
247467
247471
247472
247477
247484
247485
247486
247487
247488
247489
247490
247493
247515
247517
247518
247522
247557
247561
247580
247584
247586
247587
247588
247593
247602
247607
247610
247611
247617
247629
247638
247649
247651
247654
247655
247660
247667
248279
248282
248283
248287
248290
248291
248292
248302
248303
248304
248305
248306
248310
248311
248312
248316
248319
248323
248325
248326
248327
248331
248332
248333
248336
248337
248338
248340
248341
248342
248349
248356
248362
248367
248371
248372
248376
248381
248383
248389
248391
248397
248403
248404
248407
248408
248409
248415
248416
248417
248425
248426
248431
248434
248446
248451
248452
248462
248467
248474
248475
248476
248482
248488
248498
248500
248502
248507
248515
248516
248517
248522
248531
248532
248533
248541
248545
248546
248547
248548
248550
248563
248569
248586
248588
248591
248592
248593
248594
248595
248607
248608
248617
248619
248620
248622
248629
248630
248631
248640
248643
248644
248654
248655
248666
248667
248668
248679
248680
248681
248686
248702
248706
248709
248714
248715
248716
248718
248729
248730
248731
248739
248741
248748
248750
248752
248753
248756
248758
248759
248761
248762
248763
248774
248776
248785
248792
248803
248809
248821
248847
248853
248868
248877
248878
248912
248914
248918
248919
248926
248930
248931
248934
248935
248936
248937
248939
248940
248941
248947
248950
248951
248953
248954
248957
248958
248962
248965
248966
248969
248976
248981
248982
248984
248985
248986
248987
248988
248990
248993
248994
248995
248997
248998
248999
249002
249003
249011
249013
249015
249018
249019
249053
249057
249070
249075
249081
249088
249094
249095
249099
249100
249101
249108
249124
249132
249141
249146
249150
249151
249241
249282
249308
249310
249311
249312
249314
249368
249370
249379
249381
249393
249419
249426
249480
249481
249482
249484
249486
249541
249595
249596
249598
249601
249602
249607
249611
249612
249619
249633
249635
249653
249664
249674
249680
250672
250709
250726
250749
250753
250754
250840
251319
251321
251330
251331
251332
251333
251335
251343
251344
251346
251348
251352
251353
251356
251361
251362
251363
251373
251375
251387
251393
251395
251400
251401
251412
251660
251661
251662
251669
251670
251673
251674
251676
251681
251686
251694
251697
251700
251702
251703
251704
251705
251709
251712
251719
251720
251721
251722
251738
251739
251761
251775
251789
251819
251837
251841
251867
251985
252010
252012
252013
252241
252275
252381
252383
252385
252386
252387
252391
252394
252395
252400
252402
252403
252409
252411
252412
252414
252415
252416
252417
252420
252425
252428
252429
252432
252433
252434
252438
252441
252443
252444
252445
252446
252448
252451
252452
252454
252455
252457
252458
252460
252462
252463
252464
252466
252470
252472
252473
252474
252475
252476
252478
252482
252493
252495
252496
252498
252502
252504
252516
252528
252531
252535
252562
252622
252623
252643
252658
252662
252667
252669
252670
252671
252672
252675
252685
252692
252694
252702
252704
252705
252714
252715
252716
252719
252720
252721
252722
252728
252735
252737
252740
252741
252759
252779
252780
252782
252784
252785
252790
252804
252817
252822
252824
252826
252830
252833
252864
252865
253965
254229
254240
254252
254253
254254
254255
254259
254260
254264
254268
254274
254275
254288
254330
254332
254334
254338
254340
254341
254343
254345
254348
254351
254354
254358
254363
254364
254370
254371
254374
254382
254384
254385
254386
254387
254388
254391
254395
254400
254410
254411
254419
254421
254423
254424
254426
254428
254430
254431
254438
254439
254442
254443
254446
254461
254462
254464
254465
254467
254469
254472
254473
254474
254475
254477
254479
254482
254483
254484
254485
254488
254496
254507
254532
254539
254540
254544
254550
254559
254562
254633
254645
254646
254675
254680
254684
254704
254707
254710
254743
254744
254751
254769
254770
254773
254803
254809
254811
254903
255666
255670
255717
255721
255723
255724
255726
255727
255728
255733
255734
255736
255737
255738
255739
255740
255745
255746
255753
255758
255759
255763
255771
255772
255773
255775
255777
255778
255781
255787
255791
255793
255794
255795
255812
255813
255822
255823
255829
255830
255834
255836
255837
255850
255851
255853
255854
255855
255856
255859
255864
255868
255870
255874
255877
255878
255879
255880
255881
255883
255884
255885
255887
255888
255889
255894
255914
255915
255921
255926
255927
255929
255930
255956
255962
255967
255969
255971
255982
255983
255984
255985
255986
255987
256018
256064
256068
256071
256072
256073
256078
256080
256081
256082
256083
256084
256085
256091
256094
256097
256104
256105
256109
256114
256120
256125
256128
256130
256136
256139
256140
256143
256145
256154
256161
256163
256166
256172
256175
256176
256177
256180
256181
256183
256185
256186
256192
256211
256213
256214
256231
256232
256238
256240
256248
256277
256278
256280
256286
256292
256300
256314
256363
256364
256366
256378
256379
256388
256394
256395
256415
256424
256427
256441
256442
256443
256452
256487
256488
256499
256512
256521
256526
256527
256528
256531
256533
256535
256536
256537
256538
256539
256540
256541
256542
256543
256554
256558
256563
256564
256565
256566
256567
256568
256608
256615
256632
256635
256636
256642
256644
256646
256647
256648
256651
256652
256692
256694
256698
256699
256701
256775
256779
256780
256782
256784
256785
256786
256787
256863
257572
257573
257578
257588
257589
257591
257593
257596
257598
257601
257603
257604
257605
257614
257616
257618
257624
257625
257629
257631
257632
257636
257640
257642
257643
257645
257646
257647
257649
257652
257655
257657
257660
257666
257667
257668
257676
257677
257681
257683
257684
257688
257689
257690
257694
257695
257700
257701
257703
257710
257711
257712
257715
257716
257718
257719
257720
257723
257724
257725
257727
257728
257729
257732
257734
257735
257737
257738
257740
257742
257745
257750
257754
257755
257758
257759
257760
257766
257772
257775
257776
257778
257780
257782
257785
257786
257791
257794
257795
257799
257808
257809
257811
257814
257815
257816
257817
257818
257820
257821
257823
257831
257834
257837
257839
257840
257841
257842
257843
257845
257847
257848
257851
257855
257860
257862
257865
257866
257867
257868
257872
257873
257876
257877
257878
257880
257882
257883
257884
257885
257886
257887
257888
257891
257893
257909
257910
257911
257912
257916
257921
257923
257925
257926
257927
257929
257934
257935
257940
257942
257944
257946
257947
257948
257949
257951
257952
257953
257955
257957
257958
257959
257961
257965
257966
257967
257968
257970
257972
257974
257976
257979
257981
257986
257989
257999
258000
258001
258003
258004
258011
258014
258016
258017
258018
258019
258020
258021
258025
258026
258027
258028
258029
258033
258034
258035
258045
258046
258049
258051
258056
258060
258061
258062
258065
258067
258074
258078
258079
258081
258082
258083
258084
258085
258087
258088
258091
258092
258093
258099
258112
258114
258117
258120
258121
258122
258124
258125
258128
258129
258131
258134
258135
258137
258138
258139
258140
258141
258148
258149
258150
258151
258153
258154
258158
258159
258163
258164
258166
258168
258171
258172
258173
258183
258185
258186
258188
258189
258190
258191
258194
258196
258199
258203
258205
258208
258210
258211
258214
258218
258223
258224
258225
258239
258242
258243
258246
258249
258275
258281
258282
258283
258286
258298
258299
258300
258301
258302
258303
258308
258309
258310
258317
258318
258319
258320
258322
258323
258324
258327
258328
258330
258331
258332
258333
258339
258342
258348
258350
258351
258359
258365
258375
258376
258377
258378
258379
258380
258381
258382
258383
258384
258385
258422
258428
258430
258434
258436
258437
258440
258447
258457
258459
258460
258508
258511
258524
258540
258559
258563
258564
258566
258575
258582
258583
258595
258599
258608
258609
258618
258620
258621
258622
258623
258627
258638
258639
258642
258652
258654
258660
258661
258663
258666
258668
258670
258672
258680
258694
258699
258700
258701
258702
258719
258725
258729
258730
258732
258735
258736
258737
258741
258744
258747
258754
258757
258758
258759
258762
258763
258803
258810
258811
258812
258813
258814
258815
258816
258817
258818
258823
258832
258833
258834
258836
258842
258844
259032
259047
259052
259055
259112
259121
259130
259131
259132
259133
259151
259185
259186
259194
259195
259209
259212
259225
259238
259239
259248
259250
259254
259260
259261
259266
259288
259290
259300
259306
259308
259310
259311
259312
259314
259319
259322
259337
259339
259343
259344
259345
259346
259347
259351
259369
259370
259371
259381
259384
259386
259388
259397
259398
259400
259401
259402
259403
259416
259417
259418
262954
262958
262961
262964
262965
262973
262974
262975
262977
262978
262979
262982
262983
262985
263002
263014
263015
263017
263026
263033
263037
263038
263039
263040
263041
263042
263043
263044
263045
263046
263047
263050
263051
263052
263053
263054
263055
263057
263059
263064
263065
263066
263074
263145
263165
263168
263191
263202
263206
263214
263215
263220
263221
263232
263238
263242
263245
263263
263293
263322
263324
263333
263385
263387
263431
263443
263444
263445
263446
263459
263469
263492
263510
263511
263553
263573
263583
263604
263624
263638
263698
263722
263727
263728
263729
263730
263731
263733
263735
263736
263737
263741
263744
264300
264454
264458
264464
264516
264521
264548
264581
264605
264614
264658
264662
264711
264739
264740
264754
264765
264786
264787
264848
264880
264881
264892
264893
264905
270832
270837
270838
270847
270850
270851
270853
270856
270857
270859
270860
270868
270869
270873
270874
270880
270881
270885
270888
270897
270901
270904
270905
270908
270909
270911
270912
270913
270919
270921
270924
270925
270926
270928
270934
270938
270939
270941
270942
270943
270944
270945
270946
270947
270948
270956
270957
270965
270967
270972
270973
270976
270978
270985
270986
270991
270993
270994
270998
270999
271003
271006
271008
271014
271016
271021
271023
271025
271041
271043
271045
271065
271087
271092
271096
271097
271098
271100
271114
271119
271121
271122
271123
271124
271125
271126
271143
271149
271154
271159
271160
271167
271170
271177
271179
271198
271205
271219
271221
271223
271224
271225
271226
271227
271228
271242
271245
271246
271248
271283
271284
271286
271311
271312
271313
271314
271315
271316
271319
271320
271321
271322
271323
271324
271325
271330
271331
271332
271333
271338
271339
271340
271341
271342
271346
271356
271357
271358
271359
271360
271361
271366
271370
271371
272246
272506
272509
272516
272518
272522
272527
272528
272531
272538
272542
272544
272550
272552
272553
272555
272556
272557
272558
272559
272564
272565
272566
272569
272573
272576
272587
272592
272595
272597
272602
272608
272609
272610
272611
272616
272618
272622
272623
272629
272631
272636
272637
272638
272639
272640
272641
272643
272644
272645
272646
272647
272648
272651
272654
272655
272657
272659
272661
272663
272664
272666
272668
272669
272670
272671
272673
272674
272689
272692
272695
272702
272705
272706
272707
272708
272713
272719
272725
272729
272731
272733
272734
272735
272750
272765
272768
272769
272789
272790
272791
272799
272800
272805
272819
272820
272841
272851
272861
272863
272864
272865
272869
272879
272884
272885
272886
272887
272894
272898
272901
272902
272903
272904
272907
272908
272911
272912
272913
272914
272916
272917
272919
272929
273007
273011
273016
273017
273018
273025
273033
273038
273042
273050
273063
273077
273104
273108
273115
273138
273139
273140
273142
273143
273144
273147
273148
273149
273150
273151
273152
273153
273154
273155
273156
273157
273160
273161
273165
273170
273171
273172
273173
273174
273175
273176
273180
273181
273190
273191
273192
273195
273197
273206
273220
273221
273222
273223
273228
273229
274717
274778
274779
274781
274795
274804
274806
274808
274809
274815
274818
274819
274824
274825
274838
274841
274842
274851
274852
274861
274863
274864
274865
274867
274868
274870
274872
274874
274876
274880
274887
274892
274893
274894
274895
274897
274898
274902
274903
274905
274910
274917
274918
274920
274922
274925
274929
274931
274932
274933
274938
274939
274941
274943
274973
274974
274980
274983
274989
274998
275002
275003
275031
275032
275033
275034
275040
275041
275044
275045
275069
275070
275071
275072
275073
275082
275084
275085
275086
275092
275093
275096
275103
275105
275106
275140
275144
275146
275166
275167
275170
275171
275172
275173
275177
275184
275186
275195
275212
275215
275218
275219
275220
275223
276292
276336
276356
276359
276361
276365
276367
276368
276375
276376
276380
276381
276393
276394
276395
276399
276402
276403
276416
276422
276433
276435
276442
276444
276449
276450
276456
276463
276467
276468
276473
276475
276484
276486
276489
276490
276493
276495
276497
276502
276513
276514
276517
276518
276521
276526
276527
276536
276545
276547
276549
276551
276552
276554
276555
276556
276557
276560
276563
276564
276565
276573
276574
276578
276586
276588
276591
276595
276601
276608
276610
276614
276616
276617
276623
276624
276629
276632
276659
276684
276685
276693
276707
276759
276762
276764
276766
276767
276777
276779
276780
276781
276782
276783
276811
276813
276814
276973
276974
276976
276977
276978
276980
276981
276995
276996
277004
277005
277006
277011
277035
277060
277071
277801
277803
277804
277809
277810
277817
277820
277821
277826
277831
277835
277836
277842
277846
277854
277855
277859
277860
277863
277873
277879
277880
277882
277883
277885
277886
277887
277899
277902
277903
277909
277921
277922
277928
277937
277939
277941
277942
277944
277945
277947
277948
277951
277952
277954
277955
277960
277961
277962
277964
277965
277968
277970
277973
277974
277975
277978
277980
277985
277988
277994
278001
278005
278006
278007
278009
278011
278014
278016
278019
278021
278023
278025
278034
278036
278038
278039
278043
278046
278047
278048
278059
278062
278070
278075
278085
278093
278114
278118
278120
278124
278131
278135
278146
278153
278171
278172
278182
278198
278201
278202
278203
278217
278218
278219
278221
278222
278224
278225
278227
278232
278233
278253
278260
278261
278272
278275
278286
278350
278352
278381
278382
278383
278384
278392
278397
278399
278400
278409
278428
278434
278449
278461
278462
278463
278489
278491
278495
278496
278497
278499
278502
278512
279297
279308
279316
279342
279349
279355
279359
279360
279361
279366
279367
279375
279379
279381
279382
279384
279385
279387
279391
279396
279399
279403
279408
279412
279418
279419
279421
279425
279426
279429
279434
279437
279441
279442
279449
279450
279452
279454
279455
279456
279457
279458
279459
279460
279479
279481
279485
279502
279504
279510
279516
279528
279530
279531
279535
279536
279537
279538
279539
279540
279541
279542
279543
279546
279547
279548
279551
279552
279553
279555
279556
279557
279559
279563
279567
279568
279570
279572
279574
279575
279576
279608
279609
279610
279612
279613
279614
279615
279616
279618
279634
279666
279670
279671
279672
279674
279679
279687
279695
279696
279705
279707
279710
279722
279732
279769
279771
279773
279782
279783
279787
279788
279790
279793
279794
279795
279798
279799
279800
279807
279816
279822
279823
279825
279829
279840
279848
279849
279867
279868
279870
279871
279873
279874
279876
279915
279927
279936
279937
279944
279971
279989
280003
280050
280061
280079
280083
280084
280319
281172
281176
281181
281186
281187
281190
281192
281193
281194
281197
281201
281203
281205
281211
281219
281220
281221
281222
281223
281224
281225
281227
281228
281230
281231
281232
281233
281244
281247
281250
281251
281252
281254
281257
281260
281266
281272
281275
281276
281277
281287
281288
281289
281292
281295
281296
281297
281301
281302
281307
281309
281315
281323
281328
281333
281342
281359
281370
281372
281379
281380
281396
281398
281407
281408
281481
281484
281491
281492
281493
281494
281502
281513
281532
281533
281548
282281
282282
282338
282349
282352
282354
282355
282368
282370
282378
282379
282393
282394
282396
282397
282398
282399
282401
282402
282403
282405
282406
282407
282408
282409
282410
282416
282417
282418
282419
282420
282421
282427
282428
282429
282431
282432
282433
282438
282439
282442
282443
282445
282447
282448
282453
282461
282477
282478
282492
282496
282498
282499
282502
282503
282508
282509
282510
282512
282515
282518
282519
282520
282522
282531
282532
282533
282534
282535
282536
282538
282543
282544
282545
282546
282547
282548
282549
282555
282559
282560
282562
282563
282564
282565
282566
282567
282577
282578
282579
282580
282585
282586
282587
282588
282591
282592
282593
282594
282595
282596
282597
282601
282603
282607
282609
282611
282615
282617
282638
282639
282650
282653
282668
282675
282676
282680
282681
282703
282710
282714
282715
282717
282727
282732
282743
282744
282763
282769
282787
282792
282803
282820
282831
282832
282838
282841
282842
282846
282848
282860
282861
282869
282876
282883
282900
282911
282921
282928
282932
282966
282968
282999
283005
283011
283037
283045
283065
283066
283067
283070
283182
283187
283188
283192
283194
283195
283243
283244
283270
283277
283281
283300
283301
283303
283307
283308
283309
283310
283316
283317
283318
283327
283351
283352
283354
283355
283376
283377
283378
283379
283380
283381
283382
283383
283384
283385
283386
283390
283391
283392
283394
283395
283397
283404
283405
283406
283407
283409
283410
283415
283423
283426
283447
283453
283454
283455
283458
283464
286845
286855
286856
286859
286861
286864
286866
286867
286868
286875
286877
286878
286880
286881
286884
286885
286890
286891
286892
286893
286896
286897
286903
286904
286915
286917
286918
286924
286928
286933
286934
286935
286937
286938
286940
286947
286948
286958
286962
286968
286989
287602
287603
287605
287610
287817
287845
287847
287848
287877
287903
287905
287917
289814
289815
289817
289828
289830
289833
289835
289840
289841
289842
289850
289854
289856
289858
289861
289862
289868
289873
289883
289889
289894
289895
289896
289898
289902
289904
289910
289911
289912
289914
289915
289916
289917
289919
289920
289922
289923
289927
289928
289929
289930
289931
289932
289933
289934
289935
289944
289945
289946
289947
289949
289950
289951
289952
289953
289955
289956
289957
289958
289959
289968
289969
289970
289972
289973
289974
289977
289978
289979
289986
289989
289990
289998
290001
290006
290012
290020
290022
290046
290047
290048
290049
290050
290051
290052
290054
290056
290057
290060
290061
290062
290063
290064
290065
290066
290067
290068
290071
290072
290076
290077
290078
290079
290082
290084
290085
290086
290087
290089
290094
290095
290096
290097
290098
290099
290100
290101
290102
290103
290105
290106
290107
290113
290115
290116
290117
290118
290119
290120
290121
290122
290123
290124
290125
290126
290130
290131
290137
290138
290139
290140
290141
290143
290145
290146
290147
290149
290150
290154
290155
290156
290157
290161
290162
290166
290167
290168
290169
290170
290171
290174
290188
290203
290204
290205
290207
290208
290209
290211
290212
290213
290217
290226
290230
290231
290239
290240
290241
290242
290243
290244
290245
290246
290247
290248
290249
290252
290255
290260
290269
290271
290273
290275
290286
290293
290305
290306
290323
290324
290325
290326
290327
290329
290333
290335
290338
290339
290341
290342
290343
290344
290345
290346
290347
290355
290356
290357
290358
290359
290368
290369
290371
290373
290374
290376
290380
290382
290383
290384
290385
290386
290387
290388
290390
290393
290400
290402
290403
290404
290407
290410
290411
290412
290417
290418
290419
290420
290421
290425
290426
290432
290433
290438
290442
290443
290448
290449
290451
290453
290460
290461
290462
290465
290466
290467
290470
290477
290478
290481
290482
290483
290495
290496
290497
290507
290508
290511
290514
290516
290517
290518
290529
290530
290613
290617
290618
290619
290622
290623
290624
290645
290686
290701
290702
290703
290704
290705
290707
290709
290722
290723
291224
291934
291942
291943
291955
291957
296407
304540
304613
304614
304616
304633
304634
304635
304636
304637
304638
304648
304652
304653
304727
304837
304838
304849
304869
304876
304978
305031
305673
305675
305678
305680
305681
305682
305684
305688
305689
305690
305712
305718
305719
305723
305726
305735
305765
305807
305999
306080
306082
306083
306084
306085
306157
306158
306166
306167
306171
306188
306189
306190
306192
306193
306194
306195
306196
306200
306213
306214
306215
306354
306356
306449
306469
306524
306763
307030
307148
307149
307167
307169
307171
307341
307342
307416
307471
307614
307698
307813
307814
307816
307817
307820
307823
307824
307825
307827
307829
307830
307831
307832
307937
308214
308217
308229
308230
308232
308250
308317
308318
308350
308351
308478
308482
308483
308484
308485
308486
308487
308488
308490
308491
308492
308646
308660
308666
308674
308678
308688
309010
309157
310083
310094
310095
310096
310097
310122
310144
310150
310151
310152
310170
310172
310175
310178
310184
310186
310190
310459
310670
310983
310984
311188
319901
320323
320324
320325
320327
320328
320329
320331
320332
320333
320334
320341
320342
320343
320344
320348
320349
320350
320351
320353
320354
320357
320361
320403
320478
320480
320481
320483
320550
320551
320552
320585
320602
320666
320724
320739
320835
320881
320888
320889
320890
320891
320894
320896
320897
320898
320899
321233
321283
321284
321369
321370
321719
321724
321733
321735
321871
321873
321956
321957
321958
321960
321961
321962
321963
321964
321965
321966
321967
321968
321969
321970
321973
321974
321975
321977
321979
321980
322044
322310
322330
322331
323170
323172
323173
323174
323354
323398
323399
323460
323462
323463
323464
323511
323512
323513
323741
323746
324025
324026
324027
324028
324029
324030
324031
324033
324034
324035
324037
324039
324041
324042
324043
324045
324046
324047
324048
324050
324051
324052
324054
324055
324056
324057
324059
324060
324062
324063
324065
324066
324076
324080
324081
324087
324088
324092
324094
324096
324100
324134
324136
324142
324183
324292
324293
324294
324411
324412
324456
324499
324626
324716
324718
324782
324784
324897
324950
324951
324952
324999
325000
325001
325002
325003
325004
325006
325007
325008
325009
325021
325022
325028
325185
325186
325187
325188
325190
325191
325192
325237
325382
325539
325548
325633
325650
325651
325652
325661
325694
325695
325696
325704
325707
325708
325709
325714
325932
325933
325978
326327
326428
326509
326510
326595
326597
326598
326650
326654
326696
326785
326790
326811
326847
327030
327079
327188
327190
327191
327276
327277
327309
327311
327348
327350
327419
327469
327470
327472
327539
327540
327633
327686
327701
327733
327734
327735
327736
327737
327738
327741
327746
327748
327894
328018
328053
328205
328220
328329
328390
328434
328636
328707
328734
328822
328823
328998
329033
329051
329053
329054
329059
329061
329062
329068
329069
329080
329082
329083
329084
329085
329086
329087
329088
329089
329090
329145
329163
329219
329226
329251
329260
329261
329332
329503
329504
329505
329506
329507
329508
329511
329512
329513
329516
329517
329518
329519
329521
329522
329523
329524
329525
329526
329527
329529
329531
329532
329713
331421
331422
331425
331435
331454
331455
331456
331459
331460
331461
331463
331464
331489
331490
331491
331492
331493
331494
331495
331496
331515
331517
331526
331832
331952
332097
332139
332159
332160
332163
332224
332225
332226
332227
332237
332266
332267
332348
332457
333746
333835
333836
333884
334099
334113
334115
334116
334117
334158
334160
334162
334163
334164
334166
334167
334171
334173
334177
334180
334183
334185
334186
334266
334339
334345
334352
334354
334368
334369
334373
334411
334414
334428
334471
334474
334479
334496
334520
334521
334524
334525
334526
334905
335188
335548
335549
335754
335973
336207
336215
336372
336376
336462
336474
336477
336478
336485
336486
336531
336533
336534
336535
336536
336538
336540
336542
336543
336544
336545
336546
336547
336548
336549
336551
336552
336553
336556
336597
336686
336687
336688
336689
336690
336691
336692
336844
336880
336886
336961
336991
337055
337064
337114
337116
337188
337190
337191
337200
337247
337250
337251
337293
337310
337378
337448
337492
337503
337504
337584
337605
337622
337623
337638
337753
337755
337756
337763
337764
337779
337803
337810
337884
337887
337890
337891
337892
337909
337910
337911
338092
338312
338313
338383
338396
338402
338404
338406
338413
338560
338565
338566
338567
338569
338570
338571
338572
338573
338574
338575
338576
338577
338578
338579
338621
338645
338672
338673
338765
338766
338774
338780
338786
338787
338789
338793
338794
338795
338797
338822
338823
338933
338934
338935
338943
338950
338952
338953
338954
339073
339087
339116
339137
339154
339167
339171
339174
339177
339179
339192
339194
339278
339396
339401
339414
339419
339737
339752
339770
339868
339900
339902
339904
339966
339967
339970
339971
339982
340012
340013
340096
340152
340157
340158
340166
340261
340328
340329
340442
340573
340640
340641
340645
340646
340650
340651
340652
340653
340655
340656
340659
340660
340661
340662
340663
340664
340666
340667
340727
340873
340886
340887
340892
340947
341049
341081
341082
341239
341247
341248
341249
341251
341252
341253
341300
341477
341481
341491
341499
341684
341689
341776
341823
341841
341843
341849
341924
342009
342022
342029
342037
342078
342107
342117
342118
342212
342266
342371
342372
342374
342382
342385
342386
342388
342477
342478
342479
342490
342574
342575
342580
342599
342662
342666
342669
342671
342809
342924
342933
342934
342935
342937
342938
342939
343927
344038
345165
345170
345172
345278
345634
345651
345656
345670
345752
345755
345756
345810
345884
346027
346040
346074
346164
346176
346177
346178
346179
346180
346181
346182
346183
346184
346185
346284
346334
346345
346353
346358
346410
346424
346568
346578
346656
346657
346658
346666
346669
346672
346675
346703
346704
346705
346706
346707
346708
346710
346711
346712
346828
346919
346960
346964
346965
347006
347163
347164
347226
347227
347228
347252
347290
347320
347324
347333
347453
347454
347513
347540
347694
347714
347715
347717
347718
347821
347826
347833
347834
347835
347837
348236
348281
348282
348283
348284
348287
348288
348369
348864
348865
348867
348869
348870
348882
348883
348892
348920
348921
348922
348923
348924
348925
348938
348939
348940
348953
348954
348955
348956
348957
348961
348996
349701
349702
349736
349738
349976
349996
350011
350064
350065
350066
350106
350107
350151
350152
350289
350333
350334
350335
350336
350337
350338
350339
350340
350341
350342
350374
350377
350381
350382
350390
350391
350411
350464
350569
350626
350839
350893
350895
350896
350897
350899
350912
350913
350914
350916
350917
350918
351148
351217
351475
351476
351495
351510
351645
351765
351766
351767
351771
351772
351808
351809
352071
352082
352084
352089
352112
352113
352203
352220
352231
352257
352259
352331
352454
352455
352480
352545
352546
352547
352626
352627
352749
352824
352825
352826
352933
352934
353001
353053
353116
353117
353118
353121
353179
353191
353194
353300
353301
353302
353303
353304
353305
353405
353411
353479
353671
353675
353676
353677
353678
353680
353682
353683
353684
353685
353687
353706
353707
353713
353751
353755
353757
353761
353813
353816
353818
353819
353820
353822
353823
353827
353828
353829
353833
353834
353835
353836
353837
353838
353839
353840
353841
353842
353846
353848
353849
353851
353852
353857
353858
353859
353860
353862
353863
353864
353867
353868
353869
353870
353871
353877
353878
353879
353880
353881
353884
353921
353928
354006
354007
354010
354011
354012
354013
354020
354022
354043
354044
354045
354046
354047
354048
354049
354063
354064
354066
354067
354136
354227
354348
354418
354451
354460
354465
354466
354467
354468
354679
354787
354788
354817
354819
354820
354855
354856
354857
354858
354859
354860
354904
354905
354986
354990
355043
355060
355063
355114
355119
355127
355254
355358
355359
355360
355364
355365
355366
355368
355495
355621
355644
355645
355647
355648
355649
355650
355654
355662
355666
355667
355793
355812
355816
355863
355864
355926
355940
355949
355950
356122
356123
356127
356130
356133
356134
356135
356136
356138
356140
356141
356142
356144
356145
356146
356147
356150
356152
356154
356155
356156
356158
356159
356160
356161
356162
356163
356164
356165
356166
356168
356169
356173
356174
356175
356176
356177
356180
356181
356182
356185
356186
356187
356188
356189
356241
356625
356641
356642
356643
356644
356647
356648
356649
356650
356651
356652
356653
356654
356687
356688
356689
356690
356691
356732
357065
357100
357109
357172
357205
357216
357220
357221
357222
357233
357234
357235
357243
357244
357570
357574
357575
357720
357739
357828
357829
357914
357946
357947
358055
358064
358065
358066
358067
358068
358072
358080
358081
358085
358340
358341
358342
358343
358344
358345
358346
358347
358416
358438
358686
358690
358691
358704
358823
358845
358882
358883
358932
358936
358937
358938
358968
358970
359165
359169
359340
359341
359343
359352
359353
359357
359361
359378
359446
359452
359470
359471
359472
359525
359527
359537
359567
359573
359708
359758
359913
360001
360004
360073
360074
360075
360077
360085
360086
360087
360088
360089
360091
360092
360093
360094
360095
360230
360232
360234
360235
360241
360383
360390
360407
360431
360440
360441
360442
360456
360471
360475
360540
360541
360542
360543
360602
360603
360608
360609
360610
360611
360676
360677
360678
360680
360682
360683
360685
360686
360687
360689
360693
360694
360698
360702
360703
360704
360705
360706
360707
360708
360710
360712
360713
360714
360715
360716
360717
360718
360724
360935
360936
360940
360972
360975
360990
360992
361075
361084
361141
361330
361423
361653
361654
361847
361853
361872
361873
361874
361875
361910
361985
362082
362083
362343
362437
362468
362469
362493
362494
362495
362712
362715
363039
363048
363084
363088
363089
363096
363125
363126
363640
363656
363657
363658
363699
363700
363701
363731
363744
363756
363758
363759
363775
363813
363816
364006
364017
364023
364065
364066
364101
364228
364230
364231
364232
364233
364234
364235
364238
364239
364338
364354
364363
364366
364382
364440
364441
364442
364560
364566
364567
364568
364572
364659
364701
364735
364844
364858
364881
364906
365284
365285
365286
365287
365288
365289
365290
365291
365292
365296
365297
365298
365299
365300
365301
365303
365306
365307
365308
365309
365310
365311
365312
365313
365314
365318
365319
365320
365325
365339
365340
365341
365343
365344
365345
365346
365347
365348
365349
365350
365351
365352
365356
365357
365358
365359
365360
365361
365362
365363
365364
365365
365366
365367
365371
365372
365373
365461
365462
365463
365467
365468
365469
365473
365474
365475
365476
365477
365478
365480
365483
365484
365485
365489
365490
365491
365495
365496
365497
365502
365507
365513
365514
365515
365519
365520
365521
365525
365526
365527
365528
365529
365530
365534
365535
365536
365540
365541
365542
365547
365548
365549
365550
365551
365552
365553
365554
365555
365556
365557
365558
365566
365567
365568
365569
365570
365571
365572
365573
365574
365575
365576
365577
365578
365579
365580
365586
365587
365588
365589
365590
365591
365592
365593
365594
365595
365596
365597
365598
365599
365600
365604
365605
365606
365607
365608
365609
365610
365611
365612
365613
365614
365615
365675
365676
365694
365695
365696
365705
365711
365721
365764
365765
366018
366019
370355
370356
370365
370369
370427
370553
370645
370646
370676
370827
370887
370902
370904
371055
371092
371094
371100
371144
371177
371330
371486
371492
371496
371691
372192
372265
372266
372337
372374
372377
372388
372389
372391
372397
372410
372437
372576
372606
372644
372745
372807
372840
373131
373134
373144
373145
373197
373529
373580
373663
373665
373682
373710
373729
373783
373784
373910
374094
374095
374097
374110
374551
374554
374687
374775
374776
374777
374778
374779
374780
374839
374849
374855
374857
374988
375012
375227
375228
375229
375327
375328
375329
375330
375331
375333
375335
375336
375337
375339
375347
375794
375796
375797
375819
375887
375947
375948
375949
375954
375955
375956
375957
375960
375961
375962
375965
375968
375969
375971
375972
375999
376012
376015
376017
376018
376024
376025
376026
376092
376190
376203
376418
376419
376420
376546
376724
376727
376729
376731
376732
376735
376902
376933
376958
376961
376988
377070
377192
377193
377221
377448
377521
377525
377526
377527
377528
377529
377530
377533
377539
377556
377567
377570
377572
377577
377579
377580
377584
377586
377588
377675
377677
377678
377707
377711
377712
377722
377723
377823
377909
377910
377931
377933
377985
377986
377988
377989
377992
378009
378061
378062
378063
378064
378065
378202
378388
378410
378411
378415
378418
378528
378570
378712
378736
378738
378739
378747
378748
378749
378759
379148
379211
379215
379216
379218
379219
379707
379771
379827
379849
379850
379851
379853
379854
379861
379937
379941
379942
379967
379968
379970
380842
381051
381931
381933
382134
382139
382180
382181
382182
382183
382215
382359
382426
382429
382430
382431
382435
382436
382438
382597
382745
382746
382747
382753
383110
383117
383118
383138
383412
383856
383857
384045
384076
384078
384143
384522
384680
384957
385075
385164
385165
385188
385237
385264
385265
385558
385771
385798
385799
385800
385801
385802
385819
385866
385867
385868
386100
386374
386473
386554
386897
387637
387638
388098
389443
389446
389471
389473
390001
390002
390053
390268
390269
390270
390271
390275
390276
390278
390280
390281
390496
390512
390513
390514
390515
390535
390540
390550
390785
390857
391204
391338
391347
391348
391349
391363
391464
391465
391475
391511
391512
391514
391634
391635
391970
392309
392387
392532
392858
392863
393191
393192
393405
393410
393492
393494
393506
393600
393679
393752
393753
393754
393769
394138
394149
394183
394185
394265
394266
394386
394636
394701
394713
394902
394913
394914
394915
395020
395176
395177
395178
395355
395605
395773
396203
396209
396307
396308
396309
396311
396312
396567
396576
396577
396578
396579
396580
396662
396694
396695
396711
396712
396713
396760
396761
396889
397969
398239
398240
398241
398243
398245
398246
398248
398249
398252
398253
398254
398255
398256
398258
398264
400964
400996
401027
401032
401070
401071
401072
401073
401074
401075
401076
401161
401661
401973
403106
403366
403373
403442
403496
403528
403748
404051
404054
404163
404168
404174
404204
404365
404666
405032
405246
405548
405549
405550
405565
405570
405713
405714
405715
405716
405717
406736
406924
407134
407137
407179
407189
407191
407202
407213
407218
407219
407222
407224
407225
407226
407227
407230
407234
407235
407358
407436
407437
407438
407600
407776
407785
407790
408104
408238
408249
408281
408284
408285
408458
408544
408669
408697
409024
409086
409101
409131
409242
409740
409810
409813
409914
409916
410680
410988
411552
412001
412102
412104
412112
412127
412151
412188
412266
412274
412276
412277
412278
412279
412280
412281
412282
412283
412284
412301
412304
412638
412639
412814
412821
413106
413108
413164
413509
413578
413700
413719
413923
414144
414289
414301
414318
414324
414325
414352
414492
414578
415703
415704
415716
415722
415723
415727
415728
415729
415787
415789
415790
416054
416055
416063
416064
416065
416066
416067
416068
416069
416070
416071
416072
416073
416074
416075
416076
416077
416078
416079
416080
416081
416082
416083
416295
416296
416298
416299
416300
416301
416303
416344
416374
416674
416675
416859
417151
417218
417224
417262
417317
417320
417751
417752
417864
417865
417866
417867
417868
417869
417870
417871
418049
418050
418085
418236
418237
418244
418245
418321
418330
418385
418735
418740
418760
418761
418762
418763
418765
418766
418767
418771
418773
418809
418818
419137
419234
419244
419363
419395
419399
419412
419433
419443
419481
419489
419497
419501
419514
419606
419698
419699
419701
419702
419704
419705
419706
419707
419708
419709
419710
419711
419712
419713
419714
419715
419900
419902
419903
419905
419906
419907
419908
419993
420003
420004
420006
420203
420208
420554
420555
420577
420578
420629
420844
420899
420902
420954
420955
420956
420957
420958
420964
420967
421121
421172
421386
421421
421422
421512
421574
421668
421717
422016
422159
422160
422161
422162
422163
422165
422166
422168
422169
422601
422616
422713
422758
422767
422768
422769
422771
422772
422773
422774
422775
422776
422778
422837
422860
422866
422903
422904
422916
422962
422963
422964
422982
422983
423132
423134
423198
423199
423200
423512
423687
423705
423823
424448
424476
424664
424669
424735
424736
424931
424952
424956
424957
425951
425952
426129
426233
426297
426298
426357
426591
426595
426596
426861
427008
427010
427011
427012
427025
427081
427418
427420
427800
428097
428568
428569
428705
428818
428830
428940
429239
429240
429242
429243
429251
429252
429253
429254
429255
429256
429257
429258
429259
429261
429262
429263
429264
429438
429577
429579
430412
430430
430771
430995
431287
431726
432084
432261
432434
432436
432437
432438
432439
432440
432441
432442
432443
432444
432446
432447
432448
432449
432450
432451
432452
432453
432454
432455
432456
432457
432458
432459
432460
432461
432462
432463
432464
432466
432467
432468
432469
432470
432472
432473
432474
432514
432630
432631
432634
432638
432639
432862
433428
433726
433909
433910
433913
433914
433916
433918
433919
433920
433967
433973
433974
434021
434223
434327
434879
434880
434955
435082
435083
435085
435097
435098
435161
435324
435405
435406
435408
435409
435410
435411
435412
435413
435414
435415
435416
435600
435602
435604
435605
435606
435607
435608
436050
436134
436231
436457
437088
437094
437095
437096
437097
437098
437099
437100
437214
437217
437219
437220
437221
437509
437510
437553
437578
437579
437580
437582
437583
437584
437585
437586
437587
437588
437589
437590
437661
437758
437759
437760
437761
437809
437810
437811
437812
437813
438061
438113
438381
438382
438384
438385
438386
438397
438398
438401
438402
438405
438407
438410
438411
438412
438413
438426
438427
438429
438430
438431
438437
438443
438446
438449
438453
438455
438457
438459
438460
438462
438464
438465
438593
438811
439334
439392
439393
439394
439395
439398
439534
439535
439536
439537
439538
439540
439541
439542
439543
439544
439545
439609
439616
439751
439846
439847
439848
439849
439850
439851
439852
439853
439854
439855
439856
439857
439858
439859
439861
440263
440268
440303
440423
440425
440426
440427
440428
440429
440525
440612
440630
440631
440632
440633
440634
440714
440721
440722
440786
440787
441162
441527
441528
441529
441530
441531
441532
441533
441534
441535
441548
441557
441558
441584
441642
441643
441644
441645
441646
441661
441662
441663
441664
441854
442015
442018
442019
442020
442021
442245
442355
442378
442396
442676
443070
443074
443079
443435
443436
443437
443439
443440
443441
443442
443443
443444
443445
443446
443490
444139
444140
444142
444143
444145
444220
444482
444917
445265
445602
446798
446799
447078
447269
447273
447275
447276
447284
447665
447897
447905
448031
448553
448609
448610
448611
448628
448690
448691
448693
448694
448696
448710
448711
448925
449578
449585
449851
449853
449856
450948
450949
451044
451045
451046
451091
451108
451229
451616
451617
451618
451748
451789
451790
452028
452041
452188
452189
452732
452733
452734
452735
453417
453418
453814
453815
453882
453883
453886
453901
454038
454591
454722
455060
455319
455320
455322
455535
455549
455731
456145
456283
456378
456379
456383
457490
457493
457494
457588
457748
457827
457831
457835
458157
458813
458886
459316
459349
459351
459474
459475
459885
459886
460139
460965
460966
460967
460968
460981
460982
461020
461023
461055
461152
461669
461670
462164
462556
462779
463157
463158
463177
463180
463181
463195
463373
463493
463969
463970
463972
463974
463977
463978
464209
464210
464211
464217
464218
464484
464908
464950
465031
466735
466812
466816
466824
466947
466949
467328
467331
467332
467334
467335
467557
467655
467663
467749
467811
467861
468079
468979
468980
468981
468982
468983
470161
470604
470991
470992
470993
471128
471270
471627
472383
472597
472893
472894
472895
472902
472908
473380