25000146
25000245
25000375
25000412
25000689
25000696
25000702
25000849
25001006
25001044
25001068
25001075
25001082
25001211
25001228
25001280
25001433
25001532
25001570
25001594
25001624
25001686
25001709
25001952
25001969
25002034
25002058
25002164
25002188
25002232
25002294
25002355
25002478
25003246
25003406
25003444
25003468
25003536
25003666
25003710
25003734
25004021
25004052
25004397
25004434
25004441
25004618
25004625
25004786
25004830
25005547
25006155
25006315
25006322
25006339
25006353
25007015
25007091
25007107
25007206
25007220
25008081
25008234
25008821
25008852
25008906
25009125
25009248
25009712
25009729
25009736
25009767
25009774
25009781
25009811
25009828
25010107
25010138
25010145
25010183
25010206
25010213
25010220
25010268
25010282
25010350
25011302
25011319
25012316
25012385
25013085
25014303
25014310
25014327
25014822
25014914
25015096
25015300
25015331
25015652
25015713
25015744
25015751
25016239
25016246
25016253
25016260
25016437
25016468
25016499
25016512
25016550
25016581
25016598
25016611
25016642
25016772
25016802
25016895
25016901
25016925
25016963
25017601
25017663
25017755
25017762
25018097
25018295
25018301
25018318
25018431
25018479
25018790
25019094
25019988
25020311
25021905
25022773
25022780
25023022
25023107
25023114
25023961
25024463
25024500
25024678
25026870
25027174
25027228
25027433
25027501
25027518
25028249
25028256
25028263
25028287
25030143
25033144
25033687
25034851
25036725
25037234
25037272
25037661
25038293
25039566
25039641
25040562
25040579
25040890
25040920
25050806
25051070
25051308
25051384
25052015
25053074
25053173
25054361
25054408
25054439
25054477
25054934
25055313
25055375
25055436
25056297
25056433
25056495
25056822
25056839
25057041
25057102
25057379
25057386
25057560
25057577
25057775
25057799
25057812
25057867
25057904
25058048
25058055
25058178
25058185
25058208
25058222
25058239
25058246
25058789
25059144
25059267
25059274
25059281
25059298
25059380
25060980
25061802
25062175
25062670
25062687
25063172
25063738
25063752
25064469
25064483
25064896
25064902
25064926
25065602
25065855
25065923
25065978
25066005
25066043
25066050
25066067
25066081
25066098
25071696
25072136
25073683
25075489
25076585
25076592
25076691
25078787
25079708
25082029
25082098
25084337
25085273
25085310
25085969
25087178
25087604
25087765
25087963
25088229
25088250
25089370
25090277
25090307
25090604
25090802
25090819
25090949
25090970
25091045
25092189
25092196
25093162
25093469
25093773
25093803
25093810
25093827
25093834
25094084
25094091
25094107
25094114
25094121
25094275
25094367
25094503
25095128
25095524
25095562
25095661
25095777
25098419
25099546
25099768
25099799
25099973
25100006
25100075
25100273
25100570
25101089
25101317
25104264
25104967
25104974
25105193
25105995
25106015
25106022
25106046
25106060
25106077
25106084
25106091
25106138
25106169
25106183
25106190
25106213
25106220
25106251
25106282
25106343
25106374
25106473
25106480
25106510
25106527
25106534
25106541
25106558
25106565
25106572
25106589
25107357
25107364
25107449
25107463
25107470
25107487
25108279
25108323
25108576
25108583
25109610
25109627
25109863
25109870
25109917
25112276
25113280
25113372
25113389
25113419
25114713
25115994
25116106
25116120
25116137
25116144
25116199
25116236
25116243
25116250
25116267
25116281
25116298
25116304
25116540
25118834
25120479
25120899
25120929
25120936
25120943
25120950
25121636
25121742
25121940
25123166
25123210
25123272
25123296
25123319
25123340
25124644
25128420
25128444
25128550
25128758
25129267
25130188
25133325
25133783
25136944
25136951
25137811
25138153
25139297
25140293
25141986
25141993
25142006
25144321
25145403
25146349
25146400
25147162
25147193
25147209
25147216
25151350
25154566
25155341
25155624
25156102
25158182
25158199
25158205
25158212
25158236
25158243
25158267
25158274
25158281
25158304
25158311
25158328
25158335
25158342
25158359
25158397
25158410
25158465
25158809
25159974
25161502
25161519
25161557
25164336
25164541
25164947
25166019
25169157
25169553
25172706
25176131
25180558
25181357
25182859
25182873
25182897
25183122
25183146
25183177
25183306
25183733
25186024
25186208
25186321
25188134
25188486
25188509
25188585
25190045
25190960
25192117
25192650
25192704
25192711
25192759
25192797
25192827
25192841
25192896
25194005
25196856
25196870
25196962
25197150
25197341
25197563
25197990
25198058
25198652
25198942
25199093
25199116
25199352
25199437
25200003
25200102
25207569
25207606
25208177
25209754
25210033
25224740
25224757
25225082
25225600
25226614
25226720
25227161
25227819
25231472
25231717
25231724
25231731
25231755
25234732
25236248
25236903
25237238
25239928
25239935
25239942
25245172
25245936
25245950
25245967
25245974
25245981
25246025
25246056
25246063
25246124
25246131
25246148
25246162
25246186
25250299
25251111
25251395
25251715
25251722
25251883
25253702
25255096
25256581
25261226
25262247
25262254
25262261
25262292
25265989
25270808
25271423
25271454
25272536
25272819
25276121
25276312
25276619
25278309
25280999
25283075
25283716
25285888
25287561
25287578
25287653
25287738
25287912
25287943
25288131
25289596
25289602
25289619
25290653
25290899
25292299
25293312
25295465
25296600
25297080
25297180
25305432
25305494
25319467
25320725
25327390
25327413
25329337
25329343
25330076
25330311
25330372
25330779
25332685
25333202
25334119
25335262
25337437
25337702
25339243
25341302
25341790
25343294
25343522
25346284
25349892
25350906
25350920
25351417
25352447
25353965
25354469
25354629
25354667
25354674
25354711
25354735
25361409
25361453
25361782
25361842
25363001
25363277
25363437
25363469
25363650
25363680
25366717
25366847
25367564
25368297
25368389
25369370
25370232
25370690
25372697
25373542
25373550
25373567
25374887
25381667
25381742
25385372
25387417
25390902
25391147
25391321
25391352
25391369
25391499
25391529
25391765
25392115
25392405
25393770
25394700
25395549
25396042
25396272
25397837
25398132
25398430
25399322
25400405
25400412
25400566
25400931
25401267
25401466
25401497
25401626
25401640
25401717
25401725
25401770
25403150
25404425
25407910
25409284
25409313
25409321
25411563
25412440
25412495
25413135
25413142
25413203
25413456
25414997
25415379
25415836
25417711
25421549
25421594
25421975
25423967
25424621
25424805
25425095
25425101
25425682
25427659
25429472
25429541
25432035
25432325
25432431
25433485
25433492
25433959
25433965
25434965
25435017
25435049
25435056
25435452
25435469
25442157
25442507
25445085
25445130
25445832
25445987
25446107
25446923
25447046
25447664
25448112
25448182
25449525
25449655
25450003
25450530
25451140
25452322
25452484
25452612
25452941
25453970
25453995
25454153
25454192
25456137
25456557
25456572
25456922
25456930
25456947
25459875
25460637
25460972
25461750
25461767
25461965
25467815
25467822
25469165
25469287
25469301
25470194
25470316
25470897
25470902
25471131
25471179
25472116
25473213
25474831
25474916
25475037
25476532
25477012
25477074
25477752
25477777
25477790
25477821
25477837
25478042
25478165
25478737
25478997
25480131
25480469
25480940
25481109
25481116
25481437
25481451
25481819
25483312
25483329
25483336
25483342
25483626
25484617
25486500
25488447
25491343
25491654
25491677
25491890
25491905
25491912
25492170
25492835
25494969
25496055
25496610
25497519
25497525
25500080
25500462
25500775
25502480
25505022
25505689
25506067
25506075
25506617
25507880
25508857
25509434
25509457
25510966
25514810
25515411
25516585
25516592
25518237
25518245
25518252
25518269
25518275
25518344
25518350
25518367
25518382
25518610
25518800
25518917
25518930
25518947
25518979
25518985
25519067
25519075
25519082
25519099
25519389
25520575
25520590
25520606
25520612
25520620
25520637
25520650
25520682
25520699
25520705
25521801
25522860
25523552
25523705
25524550
25524567
25525075
25525120
25525199
25525205
25525212
25525359
25529739
25529760
25530703
25531625
25532295
25532722
25533804
25533810
25533835
25533842
25534695
25534702
25536164
25536287
25536294
25536300
25538105
25538502
25538686
25541540
25543260
25549750
25551203
25551600
25552607
25552614
25552620
25552637
25552645
25552652
25552675
25552682
25552690
25552737
25553222
25553604
25554242
25555737
25556482
25557120
25557930
25557978
25557991
25559330
25559439
25559729
25559735
25559742
25560640
25570013
25570021
25570037
25570075
25570082
25570564
25571157
25571172
25571317
25571677
25571899
25572544
25572642
25572650
25572667
25572840
25572857
25572940
25573107
25573299
25573800
25574173
25574487
25574500
25574869
25575613
25575620
25575637
25581058
25583724
25583793
25583816
25583847
25584134
25584226
25584455
25584721
25584738
25584981
25585407
25585506
25585605
25586244
25586404
25586435
25587579
25587609
25587852
25588316
25589016
25589207
25589214
25589221
25590852
25590883
25591064
25591453
25591613
25592146
25592764
25592986
25595574
25609622
25610192
25610246
25612493
25613131
25613148
25613179
25613186
25613193
25613209
25613216
25613254
25613261
25613278
25613285
25613322
25613339
25613643
25613728
25613841
25613865
25613988
25614664
25615968
25616620
25616637
25617733
25618693
25618747
25620214
25620221
25620863
25621228
25621235
25621327
25621341
25621396
25623239
25625080
25625097
25625110
25625134
25625141
25625158
25625165
25625172
25625196
25625226
25626216
25628814
25628913
25629675
25630541
25630817
25630930
25631050
25631340
25632323
25632668
25632781
25633054
25633221
25633375
25634624
25635126
25637021
25637038
25640144
25641530
25641554
25641578
25642148
25642179
25643657
25643695
25645033
25645361
25645606
25645613
25646030
25646245
25646429
25647976
25647983
25648126
25648133
25649048
25650525
25650976
25651386
25651423
25651850
25652680
25653144
25653472
25653847
25654288
25654356
25655254
25655308
25655339
25656688
25656701
25656718
25656725
25656732
25656749
25657166
25657173
25657180
25657203
25657685
25657807
25657814
25658507
25659030
25661439
25661521
25661941
25662535
25663785
25663839
25664102
25664478
25664492
25664546
25664638
25664645
25664652
25664669
25664683
25664690
25664706
25664782
25664836
25664843
25664881
25664898
25664911
25664928
25664935
25664942
25665161
25665215
25665352
25665369
25665376
25667431
25667455
25667462
25667479
25668926
25669473
25670974
25672367
25672411
25672565
25672817
25672831
25672848
25673203
25673432
25674347
25674651
25674699
25674750
25674767
25674804
25675252
25675290
25675306
25675320
25675375
25675481
25675665
25676631
25678024
25678741
25678956
25679106
25679113
25679526
25679793
25680379
25680874
25681130
25681147
25681550
25681604
25681925
25682007
25682571
25683622
25684032
25684513
25684841
25686500
25686562
25686852
25687569
25687873
25687958
25688054
25689297
25689341
25689358
25690019
25690408
25690965
25692143
25692204
25692464
25693522
25693560
25693850
25693935
25694086
25694093
25694109
25695366
25695960
25696165
25696370
25696455
25697186
25697292
25697476
25698404
25698787
25698794
25699173
25699272
25699302
25699371
25699395
25699425
25699746
25699784
25699807
25699814
25699920
25699951
25699968
25700022
25700121
25700138
25700152
25700169
25700220
25700244
25700282
25700367
25700398
25700442
25700466
25700510
25700527
25700534
25700657
25700664
25702095
25702217
25703290
25703313
25703405
25703412
25703764
25703771
25703887
25704204
25704693
25704730
25704792
25704808
25704884
25705331
25705416
25705492
25705508
25705751
25705799
25705812
25705829
25707526
25708240
25708455
25708967
25709858
25710571
25711578
25713435
25716283
25716504
25716511
25717051
25717068
25717587
25717624
25717631
25718447
25718515
25722291
25723175
25723458
25724684
25724745
25724752
25724912
25725285
25727678
25728293
25728668
25728682
25728699
25728705
25728743
25728750
25728767
25728774
25729030
25729085
25729092
25729122
25729139
25729184
25729849
25730098
25730425
25730661
25730838
25730852
25731217
25731552
25731576
25731774
25733266
25733365
25733372
25733662
25733754
25733761
25733877
25734171
25734256
25734942
25735055
25735352
25735437
25735581
25735611
25736182
25736243
25736526
25737455
25738223
25739022
25739152
25741636
25741759
25741797
25741902
25742169
25742176
25742206
25742213
25742619
25742688
25743487
25743791
25744101
25744125
25744194
25744255
25744392
25744453
25744521
25744705
25745917
25745955
25745979
25746358
25746570
25746655
25748277
25748543
25748550
25748567
25748840
25749236
25749427
25750102
25750126
25750133
25750201
25750294
25750775
25750850
25750874
25750904
25750997
25751093
25751222
25751239
25751246
25751253
25751352
25751406
25751468
25751550
25751611
25751635
25751642
25751697
25751703
25751741
25751789
25752069
25752533
25752854
25752878
25752908
25753004
25753028
25753127
25753448
25753523
25753790
25753806
25753950
25755510
25755725
25756081
25756111
25756128
25756135
25756142
25756159
25756494
25757132
25757682
25757804
25758559
25758719
25758870
25759310
25760835
25761269
25761382
25761399
25761412
25761580
25761672
25761702
25761863
25761931
25762075
25762471
25762983
25763287
25763355
25763362
25763379
25763386
25763959
25763966
25764772
25764789
25764796
25764802
25764819
25764826
25767315
25767919
25768053
25768091
25769463
25769609
25769630
25769685
25769814
25770247
25770360
25770483
25770667
25770698
25770735
25770742
25770766
25771107
25771114
25771183
25771657
25771664
25771695
25773132
25773149
25773286
25773323
25776980
25777031
25777703
25778076
25778083
25778090
25778144
25779233
25781151
25781861
25782066
25782387
25783179
25785500
25785524
25786651
25786811
25788310
25788327
25788761
25788891
25789102
25789126
25791389
25792454
25792652
25792966
25792973
25792980
25793963
25794090
25794571
25794588
25795264
25795561
25796889
25797015
25797022
25797039
25797169
25797220
25797671
25797688
25797701
25797930
25797947
25798562
25799019
25799026
25799248
25799255
25799460
25799798
25799811
25799828
25799927
25799934
25800234
25800272
25800463
25803631
25803648
25804393
25804546
25804775
25805369
25806380
25806472
25806489
25806632
25806977
25807752
25808414
25808711
25809039
25809091
25811360
25811384
25811957
25811964
25812343
25812374
25814583
25815467
25815870
25815887
25816105
25816259
25816389
25816433
25816785
25816792
25817003
25817089
25817096
25817157
25817164
25817812
25818673
25818994
25819007
25820089
25820430
25820447
25820454
25820638
25820935
25821000
25821321
25821437
25821857
25821918
25822083
25822458
25822625
25823165
25823646
25823752
25823783
25823974
25824230
25825138
25825725
25825947
25825954
25826357
25827354
25828153
25828474
25829303
25829792
25831764
25832259
25832358
25832402
25832518
25832631
25832723
25832853
25833447
25833522
25833614
25833621
25833638
25833652
25833720
25833966
25834796
25835373
25836370
25836400
25836745
25837384
25837872
25838114
25838473
25838480
25840070
25841602
25842197
25842784
25842791
25842869
25843378
25843538
25843613
25843873
25846850
25847741
25847789
25847918
25847925
25847956
25847963
25847970
25848090
25848106
25848588
25848595
25848625
25848656
25848700
25849837
25850277
25850284
25851724
25852424
25852431
25852639
25853186
25854152
25854916
25855036
25856569
25856576
25857726
25858259
25859348
25859614
25859744
25859751
25859935
25860207
25860696
25860870
25861365
25861372
25861402
25861419
25861426
25862959
25862997
25863154
25863284
25863291
25866667
25867305
25868067
25868234
25868746
25868760
25868777
25868791
25869279
25869743
25869750
25869767
25869781
25869804
25869811
25869828
25869835
25869842
25869859
25869873
25869880
25870589
25871272
25871302
25871340
25871937
25872095
25872262
25872750
25873030
25873443
25873634
25873825
25873979
25873986
25874136
25874143
25874976
25874983
25874990
25875034
25875058
25875065
25875102
25875119
25875133
25875157
25875461
25875478
25875669
25875874
25876017
25876659
25877410
25878936
25879018
25879131
25879148
25879162
25879186
25879933
25881400
25881530
25881639
25881837
25881851
25882056
25882124
25882988
25883053
25884517
25884524
25885101
25885156
25885163
25885170
25885255
25885361
25887426
25887488
25887549
25888317
25888379
25888386
25889482
25889697
25890747
25890808
25891072
25891355
25891423
25891478
25892260
25893274
25894424
25895063
25895070
25895094
25895100
25895315
25895339
25895353
25895445
25896770
25896800
25897913
25898033
25898156
25898200
25898217
25898415
25898439
25898453
25898576
25898729
25898767
25899108
25899115
25899337
25899344
25899603
25899689
25899696
25899788
25900019
25900101
25900309
25901313
25901320
25901436
25901481
25902624
25902754
25903218
25903225
25903256
25903263
25903270
25903683
25904352
25904406
25904444
25904451
25904482
25904499
25904529
25904536
25904574
25904666
25904734
25904758
25904796
25904833
25905281
25905410
25905526
25905588
25905694
25905915
25906974
25907872
25908992
25909166
25909524
25909807
25910193
25910209
25910216
25910223
25910230
25910254
25910261
25910278
25910285
25910292
25910421
25910445
25910483
25910582
25910636
25910667
25910698
25910834
25910919
25910940
25910995
25911008
25911053
25911060
25911077
25911091
25911114
25911138
25911572
25911626
25911633
25912012
25912340
25912357
25912678
25913262
25913446
25913651
25913996
25914078
25914085
25914092
25914108
25914177
25914511
25914528
25914757
25915105
25915136
25915181
25915372
25915938
25915945
25916058
25916065
25916126
25916638
25916799
25917024
25917581
25918144
25918151
25918175
25918212
25918229
25918243
25918274
25918823
25919066
25919073
25919080
25919103
25919301
25919790
25920772
25921328
25921335
25921557
25921748
25922097
25922448
25922455
25922462
25922479
25923391
25923407
25923421
25923438
25923711
25923780
25924510
25924534
25924749
25924916
25925104
25925289
25925357
25930351
25930696
25930702
25930764
25931051
25931235
25931624
25932430
25932447
25932584
25933499
25933949
25934205
25934267
25934380
25934502
25934632
25935028
25936544
25936872
25936889
25936896
25936902
25937503
25937534
25937749
25938128
25940053
25940671
25940695
25940916
25940985
25941050
25941487
25941852
25942231
25942248
25942491
25942538
25942545
25942552
25942651
25942668
25942675
25942842
25943146
25943214
25943528
25943634
25943931
25944501
25945577
25945782
25945799
25945812
25945904
25945911
25945966
25946246
25947632
25948134
25948141
25948158
25948202
25948288
25948301
25948929
25948950
25948981
25949001
25949018
25949025
25949995
25950007
25950113
25950946
25950991
25951028
25951257
25951431
25953466
25954951
25955071
25955088
25955613
25955941
25955958
25955965
25955972
25955989
25955996
25956009
25956016
25956023
25956047
25956054
25956061
25956078
25956085
25956108
25956542
25956559
25956658
25956825
25956832
25956894
25957082
25957136
25957143
25957181
25957358
25957938
25958058
25958171
25958195
25958553
25958560
25960242
25960334
25960341
25960532
25960648
25961430
25961447
25961492
25961874
25961898
25961904
25961942
25962239
25962444
25962482
25964592
25964608
25964615
25965384
25965391
25968873
25970425
25970432
25970449
25970456
25970463
25970494
25970500
25970586
25970777
25970791
25971064
25971071
25971088
25971095
25971118
25971156
25971194
25971224
25971231
25971248
25971262
25971279
25971293
25971309
25971316
25971323
25971521
25971682
25971699
25971712
25971736
25971743
25971750
25971866
25972917
25973266
25973303
25973310
25973327
25973334
25973518
25973594
25973785
25973815
25973822
25973969
25973983
25973990
25974287
25975239
25976533
25976748
25976755
25976786
25976823
25978186
25978230
25978384
25978391
25979053
25979183
25979244
25979282
25979305
25979312
25979350
25979923
25980080
25980448
25980455
25980493
25980615
25980714
25980738
25980745
25980752
25980776
26000152
26000244
26000442
26000503
26000534
26000541
26000992
26001234
26001371
26001401
26001449
26001463
26001494
26001531
26002040
26002514
26002552
26002576
26002620
26002699
26002743
26002750
26002767
26002798
26002804
26002880
26003153
26003191
26003207
26003214
26004709
26008424
26009148
26009155
26009162
26009209
26011905
26011998
26012001
26012018
26012032
26012056
26012063
26012070
26012087
26012094
26012346
26013954
26014050
26014142
26014180
26014333
26014739
26014838
26015385
26015408
26015415
26015569
26015576
26015583
26015590
26015606
26015613
26017327
26017976
26017983
26018232
26019697
26020372
26020587
26021546
26022413
26023021
26023342
26023366
26023441
26024509
26025056
26025063
26025070
26025315
26025742
26025889
26026206
26026213
26026220
26026237
26026244
26026251
26026916
26028538
26034003
26035567
26035826
26036564
26036625
26036632
26036649
26036656
26038148
26039541
26039626
26040837
26041322
26041339
26041902
26042145
26042169
26042183
26042206
26042213
26042220
26042237
26042558
26042855
26042862
26042916
26042923
26042930
26042985
26043180
26043197
26043319
26043418
26043586
26043623
26043784
26043838
26043937
26043999
26044941
26045481
26045498
26045610
26045641
26045658
26045689
26045726
26045764
26045771
26045795
26045818
26045825
26045917
26045955
26045962
26045979
26045986
26046082
26046099
26046105
26046112
26046129
26046365
26046785
26046969
26047225
26047232
26047270
26047393
26047430
26047454
26047478
26047485
26047492
26047515
26047522
26048888
26048895
26048901
26049595
26049892
26050034
26050058
26050348
26050393
26050652
26050706
26051123
26051352
26051383
26053226
26053561
26053738
26053769
26053783
26054940
26055626
26059228
26059570
26059587
26060514
26060682
26060705
26060873
26062341
26062358
26063027
26064499
26065106
26066585
26066592
26071923
26071930
26071961
26071992
26072005
26072012
26072029
26072050
26072081
26072098
26072128
26074016
26075631
26075914
26076034
26076041
26076096
26076102
26077307
26077321
26077338
26077369
26077451
26077468
26077543
26077840
26078571
26079233
26081625
26081632
26082097
26082172
26082189
26085296
26086880
26086897
26086910
26086927
26086934
26087313
26091297
26091365
26091402
26091419
26091426
26091587
26092126
26092133
26092140
26092164
26092225
26093161
26094755
26096025
26096902
26097053
26097077
26097084
26097091
26097114
26097121
26097138
26097886
26098210
26098258
26098487
26098753
26098869
26098951
26098999
26099002
26099019
26099132
26099200
26099774
26099781
26099804
26099811
26099828
26099842
26099972
26099989
26100012
26100210
26100531
26100746
26100951
26101057
26101088
26101132
26101453
26101507
26101729
26104645
26105468
26105741
26106458
26107257
26107684
26108247
26108728
26108780
26109213
26109442
26109695
26110387
26110394
26111933
26112060
26112077
26112107
26113548
26114040
26114217
26114255
26114262
26114279
26114286
26114309
26114323
26114330
26114491
26114576
26117812
26117959
26118406
26118413
26118697
26118970
26119021
26119212
26120683
26120706
26120812
26120898
26121109
26121116
26121123
26121208
26122038
26122342
26122878
26122922
26122946
26123981
26124124
26124667
26124674
26124711
26124742
26124971
26125046
26125060
26125114
26127590
26128184
26128320
26128337
26130477
26131900
26131924
26131931
26132464
26132518
26132754
26133058
26133089
26133201
26133300
26133423
26136349
26136455
26136561
26136622
26136752
26137124
26137278
26137506
26137834
26138152
26138169
26138176
26138183
26138190
26138206
26138213
26138220
26138251
26138268
26138275
26138299
26138305
26138336
26138893
26139012
26139272
26139302
26139890
26140056
26140629
26140636
26140643
26140650
26141138
26141145
26141268
26141473
26141480
26141497
26141541
26141572
26141961
26141985
26142128
26142135
26142142
26142265
26142289
26142319
26143156
26143163
26143170
26143699
26143705
26143767
26144108
26144184
26144238
26144245
26144382
26144412
26144566
26144603
26145013
26145440
26145457
26145464
26145624
26145655
26145914
26146317
26146324
26146331
26146645
26147116
26147529
26147543
26147796
26147802
26148304
26148700
26148946
26149202
26150482
26151069
26151120
26151335
26151564
26151793
26152516
26152523
26152684
26152929
26152943
26153001
26153384
26153391
26153452
26153520
26153797
26153803
26154107
26154114
26154121
26154138
26154220
26155395
26155401
26156293
26156316
26156675
26156712
26156927
26157016
26157030
26157313
26157320
26158099
26158105
26158921
26159089
26159164
26159669
26159799
26159805
26159843
26159850
26159898
26160122
26160177
26160238
26160252
26160351
26160412
26160511
26160818
26160948
26161174
26161594
26161600
26162928
26163215
26163222
26163246
26163253
26163260
26163284
26163611
26163833
26163840
26163888
26163895
26163901
26163970
26164182
26164199
26164854
26164953
26165370
26165585
26165899
26165936
26166025
26166032
26166049
26166407
26166421
26166438
26166780
26166803
26166810
26167510
26167855
26167886
26167893
26167916
26167923
26168036
26168203
26168258
26168418
26168425
26168562
26168616
26168630
26168647
26168920
26168937
26169651
26169798
26169842
26169910
26169927
26169989
26170039
26170077
26170084
26170091
26170312
26170763
26171487
26171890
26172026
26172194
26172330
26172521
26172538
26173290
26173306
26173313
26173641
26173672
26173689
26173948
26173955
26173962
26173986
26174266
26174556
26174563
26174570
26174587
26174594
26174600
26174631
26174648
26174655
26174662
26174679
26174686
26174693
26174709
26174778
26174952
26174983
26175003
26175010
26175348
26175355
26175362
26175379
26175386
26175393
26175409
26175416
26175430
26175621
26175645
26176109
26176130
26177120
26177359
26177373
26177380
26177397
26177403
26177441
26177458
26177465
26177731
26177908
26178110
26178158
26178189
26178325
26178356
26178363
26178707
26178714
26178851
26179193
26179315
26180014
26180113
26180236
26180298
26180304
26180601
26181431
26181813
26182056
26182087
26182094
26182117
26182131
26182148
26182155
26182162
26182179
26182308
26182667
26182674
26183411
26183930
26183947
26184234
26185361
26185378
26185491
26185552
26185569
26185590
26185989
26186146
26186184
26186207
26186887
26186900
26186931
26186955
26186962
26187273
26187419
26187549
26187921
26188133
26188140
26188157
26188577
26188973
26189062
26189185
26189208
26189703
26190129
26190136
26190266
26190655
26191225
26191676
26191683
26191690
26191706
26191713
26191720
26191737
26191744
26191843
26191881
26191959
26191973
26192703
26192901
26192925
26192932
26193069
26193571
26193663
26193984
26194059
26194264
26194370
26194400
26194431
26194448
26194455
26194677
26194707
26194806
26195421
26195438
26195445
26195452
26195469
26195902
26196343
26196350
26196374
26196756
26197241
26197470
26197487
26197562
26197623
26197630
26197647
26197685
26197692
26198156
26198491
26199429
26199573
26199788
26199986
26200002
26200217
26200842
26201467
26201757
26201948
26202204
26202341
26202358
26202457
26202761
26204062
26205137
26205434
26205762
26206363
26206660
26206684
26207292
26207773
26207803
26207865
26208008
26208770
26208800
26209180
26209319
26209869
26209883
26209944
26209968
26209975
26210056
26210063
26210070
26210087
26210612
26210629
26210667
26210933
26211541
26211565
26211572
26211589
26211664
26211671
26211695
26211701
26211718
26211725
26211732
26211749
26211756
26212289
26212821
26213378
26213491
26213781
26214160
26214641
26214825
26215662
26215990
26216201
26216218
26216638
26216720
26216737
26216768
26216805
26216843
26217048
26217079
26217086
26217093
26217673
26217826
26217833
26217840
26217857
26217864
26217895
26219400
26219417
26220161
26220437
26220628
26220819
26220970
26221229
26222004
26222592
26222721
26222875
26223285
26223537
26223544
26223711
26223728
26223872
26224275
26224312
26224701
26225852
26226484
26226590
26227399
26227481
26227573
26227931
26228303
26229195
26229263
26229324
26229355
26229379
26229386
26229478
26229508
26229782
26229799
26230375
26230399
26230597
26230603
26230610
26230658
26230726
26231280
26231327
26231655
26232034
26232256
26232270
26232409
26233215
26233444
26233772
26233871
26234274
26234625
26234694
26234717
26234724
26234731
26235233
26235691
26236001
26236162
26236261
26236407
26236414
26236483
26236575
26236964
26236971
26237022
26237053
26237060
26237084
26237435
26237459
26237862
26237978
26238388
26238845
26239361
26239378
26239385
26239392
26239408
26239415
26239439
26239446
26239453
26239491
26239521
26239538
26239545
26239651
26239682
26239835
26239989
26240053
26240145
26240152
26240701
26240862
26241036
26241166
26242163
26242248
26242873
26243504
26243597
26244228
26244365
26245140
26245164
26245171
26245584
26246109
26246451
26246604
26246628
26247281
26247380
26247472
26247496
26248592
26248882
26248943
26248950
26248974
26249094
26249421
26250144
26250168
26250182
26250267
26251547
26251653
26251691
26251899
26252063
26252131
26252353
26252537
26252544
26252681
26254722
26254746
26254838
26254876
26255057
26255675
26256306
26256863
26256887
26256931
26257433
26257501
26257518
26257624
26257631
26257761
26258447
26258690
26258782
26258799
26259611
26260228
26260235
26261560
26261874
26262208
26262215
26262451
26262635
26262987
26262994
26263342
26263359
26263403
26264219
26265391
26265452
26265742
26266176
26266206
26266237
26266251
26267012
26267081
26267098
26267104
26267234
26267241
26267258
26267760
26267791
26267968
26268101
26268118
26268125
26268149
26269160
26269535
26269832
26269849
26269856
26270371
26270739
26270760
26270777
26271231
26271774
26271798
26271835
26271859
26272115
26272139
26272245
26272252
26272412
26272450
26272580
26272894
26272900
26273419
26273815
26273822
26273914
26274713
26274720
26275505
26275819
26276113
26276946
26277462
26277479
26278049
26278056
26278063
26278070
26278490
26278520
26278537
26278759
26278858
26278865
26279206
26279213
26279480
26279497
26279534
26280110
26280905
26280998
26281049
26281285
26281377
26281599
26281605
26281827
26281940
26282121
26282343
26282442
26283067
26283074
26283081
26283098
26283104
26283111
26283203
26283548
26283623
26283654
26284071
26284163
26284569
26284590
26284637
26284781
26284927
26284934
26285009
26285054
26285085
26285092
26285108
26285139
26285184
26285191
26285238
26285276
26286013
26291109
26291819
26292656
26292663
26292670
26292687
26292694
26292700
26310640
26310671
26310688
26310695
26310749
26310824
26311692
26312392
26312743
26312750
26312774
26312880
26312897
26312910
26312927
26313191
26313238
26313245
26314228
26314846
26314921
26314938
26315607
26315645
26315676
26315935
26317939
26317946
26318202
26318240
26318271
26318431
26318455
26318653
26318851
26318868
26318875
26319698
26320199
26320397
26320403
26320410
26320427
26320670
26320779
26320786
26320816
26321035
26321110
26321219
26321868
26322056
26322483
26322612
26323688
26323893
26323947
26324104
26324142
26324166
26324210
26324548
26324562
26324951
26324968
26325019
26325033
26325897
26325910
26325927
26325972
26326252
26326443
26326894
26327686
26330198
26330372
26332598
26332697
26332826
26333069
26333465
26333779
26333793
26334103
26334110
26339597
26339771
26340241
26340517
26341125
26341149
26341156
26341170
26341187
26341194
26341200
26341446
26341453
26341736
26341873
26341880
26341897
26341910
26341934
26341941
26341958
26341989
26342016
26343792
26344331
26344423
26344447
26344591
26345062
26345789
26346052
26346632
26347363
26347622
26347639
26348261
26348988
26349909
26351520
26351544
26351551
26351650
26351667
26351919
26351926
26351933
26353661
26353685
26353753
26353760
26354248
26354385
26354453
26354972
26355504
26355719
26355740
26355771
26355863
26356259
26356280
26357447
26357454
26357492
26357522
26357553
26357577
26357706
26357829
26357874
26358260
26358796
26359335
26359359
26359380
26359434
26361796
26362052
26362472
26362564
26363219
26363806
26363820
26363837
26363974
26365947
26365954
26367286
26367293
26367309
26368801
26368870
26368924
26368931
26369471
26369624
26369730
26369747
26369846
26369884
26370378
26371795
26372419
26373171
26373522
26373577
26373591
26373669
26373676
26374208
26374215
26374901
26375144
26375380
26375564
26375571
26375588
26375595
26375656
26375670
26375915
26376196
26376479
26376516
26377797
26377865
26377926
26378138
26378275
26379357
26379470
26379494
26380582
26380599
26380827
26381145
26382296
26382326
26382524
26382715
26382890
26382906
26382975
26383255
26383286
26385228
26385716
26387178
26387185
26387772
26387802
26387819
26387901
26387925
26387963
26387994
26388007
26388014
26388021
26388038
26388045
26388052
26388670
26388687
26389592
26391137
26391144
26391151
26394510
26394527
26395227
26395234
26395258
26395586
26396422
26399874
26399881
26399898
26400082
26400563
26402079
26402796
26403076
26403601
26403854
26403991
26404035
26404271
26405315
26405353
26405964
26405971
26405988
26405995
26406190
26406206
26406411
26406725
26407210
26409887
26409962
26410029
26410104
26410449
26411651
26411903
26413433
26413969
26416199
26416304
26416786
26417165
26417172
26417189
26417196
26417202
26417349
26417356
26417363
26417370
26417387
26417707
26417714
26417721
26417738
26417851
26417868
26417875
26417882
26418643
26418650
26418674
26418865
26418889
26419176
26419206
26419510
26419640
26419657
26419749
26419756
26419763
26419770
26419886
26420639
26420646
26420813
26423401
26424422
26424514
26424644
26425030
26425047
26427386
26428543
26428635
26429090
26433424
26433554
26433769
26434131
26434704
26434803
26436708
26436722
26436739
26436883
26437859
26437866
26438054
26438429
26438788
26440705
26440712
26440729
26440736
26440743
26441184
26441191
26441283
26441795
26446936
26446943
26446950
26446974
26447391
26448541
26449203
26449210
26449968
26449982
26449999
26451626
26453538
26454009
26454016
26454122
26454344
26456959
26457772
26457796
26460291
26463575
26465524
26465661
26466606
26466613
26466620
26466637
26466644
26466699
26466712
26466729
26466736
26466743
26466767
26466774
26468495
26468662
26469676
26469843
26471037
26471884
26471891
26472805
26472836
26473383
26473628
26473864
26474267
26474373
26476353
26476384
26476841
26481944
26487731
26487885
26492179
26494081
26494098
26494104
26494111
26494128
26494135
26494142
26494159
26494166
26494173
26494197
26494203
26494227
26494234
26494241
26494258
26494265
26494272
26494319
26494326
26494333
26494340
26494357
26494364
26494678
26494685
26494692
26494708
26494715
26494739
26494746
26494753
26494760
26494784
26495330
26495637
26497457
26498706
26501017
26502380
26505282
26505299
26505305
26505879
26505916
26505923
26505930
26505947
26505954
26505961
26508474
26508542
26508818
26508825
26508832
26508917
26508924
26508931
26508955
26509136
26509143
26513553
26513560
26513577
26513935
26513942
26518985
26518992
26519005
26519012
26519029
26519036
26519043
26519050
26519067
26519074
26519081
26519098
26519104
26519111
26519128
26519135
26519142
26520230
26524085
26524276
26528298
26553627
26553863
26553870
26553887
26555317
26555355
26557359
26557366
26559629
26559636
26560434
26560441
26575094
26575773
26606835
26606842
26610924
26611068
26611075
26611082
26611112
26611136
26611242
26611310
26611327
26611808
26613826
26613888
26613895
26613901
26613925
26613932
26613949
26613956
26613994
26614038
26629223
26630212
26638553
26638560
26646244
26666211
26669533
26683232
41000076
41000083
41001448
41001455
41002162
41002421
41002537
41002643
41002926
41003190
41004432
41004548
41004555
41005224
41005507
41005651
41005699
41006306
41006634
41006641
41006818
41007044
41007884
41008102
41008546
41008768
41009109
41009116
41009611
41011218
41011454
41011478
41011492
41011515
41011539
41011577
41011690
41011706
41012345
41012406
41012765
41013373
41013403
41013410
41013939
41013991
41015179
41015315
41015322
41015346
41015377
41015384
41015391
41015407
41015414
41015421
41015438
41015445
41015452
41015469
41015483
41015889
41015957
41016046
41016084
41016114
41016121
41016190
41016282
41016299
41016329
41016350
41016411
41016459
41016480
41016565
41016589
41016596
41016602
41016671
41016688
41016695
41016718
41016725
41016732
41016749
41016879
41017050
41017081
41017128
41017135
41017159
41017180
41017395
41017869
41017913
41017920
41018064
41018071
41018088
41018095
41018323
41018354
41018576
41018583
41018590
41018859
41018965
41019603
41019610
41019764
41019818
41020159
41020371
41020388
41020609
41020647
41020883
41021446
41021514
41022191
41022214
41022498
41022887
41022894
41023419
41023976
41023983
41023990
41024003
41024010
41024119
41024300
41024317
41025659
41026120
41026724
41026731
41026748
41026755
41027172
41028209
41035030
88002026
88002101
88002798
88003801
8801007020945
8801007022635
8801007031545
8801007071046
8801007095004
8801007100692
8801007102238
8801007135113
8801007242156
8801007500737
8801019204951
8801019603419
8801033000119
8801033000126
8801033213236
8801033770111
8801037019667
8801037035476
8801037039689
8801037039993
8801037040029
8801037042863
8801037049589
8801037086188
8801037086195
8801037087543
8801043014809
8801043015639
8801043015653
8801043016070
8801043016117
8801043450690
8801043450706
8801043650625
8801045122533
8801045205519
8801045220826
8801045422503
8801045520155
8801045570419
8801052101255
8801052121147
8801052435190
8801052435220
8801052733883
8801052737812
8801052739069
8801055001552
8801056001667
8801056002107
8801056018887
8801056018900
8801056018948
8801056035518
8801056035570
8801056038861
8801056049201
8801056059842
8801056143015
8801056154011
8801056190019
8801056195014
8801056290016
8801056297015
8801056347017
8801056623012
8801056717018
8801056831011
8801056836016
8801062247035
8801062247134
8801062248278
8801062260799
8801062273294
8801062273331
8801062273416
8801062278053
8801062318551
8801062331932
8801062332052
8801062381937
8801062518050
8801062518258
8801062518296
8801062518333
8801062628476
8801062634415
8801066016316
8801066019447
8801069173986
8801073210363
8801074252140
8801074255264
8801074338912
8801074338936
8801074601047
8801077501702
8801093171026
8801094012403
8801094017606
8801094083007
8801094261900
8801094332402
8801094342609
8801094362409
8801094362706
8801094363000
8801094432409
8801094462505
8801094462604
8801094503000
8801094513009
8801097150010
8801097150034
8801097160064
8801097250079
8801097271005
8801097481015
8801105000535
8801105901009
8801105907698
8801105941227
8801111180498
8801111182454
8801111182461
8801111904292
8801114117477
8801115212713
8801115214021
8801115336709
8801117502713
8801117534912
8801117536817
8801117537210
8801117540210
8801118711176
8801121101094
8801121101582
8801121107126
8801121112052
8801121504215
8801122001362
8801122001379
8801122001386
8801128503211
8801128503235
8801128900201
8801128900263
8801155427610
8801155427719
8801155813352
8801155813550
8801155813611
8801155814014
8801155822385
8801155822828
8801155822941
8801155834616
8801169010112
8801169020067
8801169030035
8801223100254
8801242047943
8801308430641
8801310512144
8801382124504
8801382124689
8801382124849
8801382126539
8801382127758
8801382127963
8801382128779
8801390213023
8801606130243
8801633108383
8801753001038
8801753001113
8801753001748
8801753002257
8801898160010
8802255808019
8802783640167
8803712128213
8803939213778
8804127001740
8805207000288
8806002001845
8806002002361
8806002005638
8806002007298
8806002009094
8806004382027
8806004382119
8806004404019
8806371303786
8806371304936
8806371304943
8806371304950
8808244201014
8809080400265
8809080400272
8809080400296
8809080402030
8809080402115
8809080402160
8809080402269
8809080402290
8809080402320
8809080402368
8809080402399
8809080402405
8809080402443
8809080403013
8809080403020
8809080403037
8809080403099
8809080403105
8809080403112
8809080403143
8809080403747
8809080403761
8809080403785
8809080403839
8809080403860
8809080403877
8809081260011
8809141471043
8809141471050
8809173670117
8809173670124
8809173670131
8809173670148
8809173670155
8809216600552
8809216602075
8809216602082
8809216602259
8809216602303
8809216602310
8809216602334
8809216602358
8809216602365
8809216602396
8809216602471
8809216602587
8809216603133
8809216604512
8809216606318
8809216606325
8809216606332
8809216608534
8809216609005
8809257820162
8809257822173
8809257822876
8809257823743
8809257823750
8809257823958
8809257824306
8809257826089
8809257826621
8809257826638
8809257826645
8809257826652
8809257826669
8809257826676
8809257826683
8809257827048
8809257827055
8809257827383
8809257827703
8809257827727
8809257828229
8809257828861
8809257828878
8809331500256
8809331500379
8809331500447
8809331500997
8809331501116
8809331501222
8809331501260
8809331502748
8809331503097
8809331503660
8809331504261
8809331504339
8809331505817
8809331505862
8809331505930
8809331506050
8809331506326
8809331506715
8809331507071
8809331507279
8809331507859
8809331508450
8809331508672
8809331509563
8809331509792
93682350