000002
000003
000005
000006
000009
000023
000024
000025
000026
000027
000028
000030
000031
000032
000033
000034
000035
000036
000037
000038
000039
000040
000041
000042
000043
000044
000045
000046
000047
000048
000049
000050
000051
000052
000053
000054
000055
000057
000067
000068
000069
000070
000071
000072
000073
000074
000075
000076
000077
000079
000080
000081
000082
000083
000087
000088
000096
000097
000100
000101
000302
000303
000304
000308
000309
000310
000313
000314
000315
000316
000317
000318
000323
000324
000325
000482
000506
000521
001390
002216
002423
003009
003011
003012
003013
003014
003015
003018
003023
003024
003025
003026
003035
003039
003042
003043
003045
003047
003050
003051
003053
003054
003055
003058
003061
003063
003064
003065
003066
003067
003071
003072
003073
003074
003075
003077
003079
003081
003082
003084
003085
003088
003089
003090
003091
003092
003093
003095
003096
003097
003098
003099
003104
003107
003108
003109
003110
003112
003114
003115
003116
003117
003120
003121
003124
003126
003129
003130
003132
003133
003134
003136
003144
003156
003157
003159
003174
003175
003176
003177
003178
003180
003182
003183
003187
003189
003190
003191
003192
003193
003195
003200
003203
003204
003205
003206
003207
003211
003212
003213
003214
003216
003218
003219
003220
003221
003222
003223
003225
003226
003227
003229
003232
003234
003235
003238
003243
003244
003245
003246
003247
003250
003252
003253
003255
003259
003260
003261
003262
003264
003265
003266
003268
003269
003280
003281
003282
003291
003292
003293
003294
003295
003296
003297
003298
003299
003300
003301
003302
003303
003304
003305
003306
003307
003308
003309
003312
003313
003314
003315
003317
003336
003341
003351
003352
003353
003354
003355
003365
003367
003368
003372
003373
003377
003378
003379
003400
003402
003404
003405
003406
003407
003408
003412
003413
003414
003418
003419
003421
003422
003423
003424
003429
003430
003432
003433
003434
003437
003439
003440
003441
003443
003444
003445
003446
003448
003449
003455
003456
003457
003458
003460
003461
003462
003463
003464
003465
003466
003467
003468
003470
003471
003472
003473
003474
003475
003480
003481
003482
003483
003484
003485
003486
003487
003488
003489
003493
003494
003499
003500
003501
003502
003503
003518
003519
003520
003521
003522
003523
003524
003525
003526
003527
003528
003529
003530
003531
003534
003537
003538
003539
003541
003543
003544
003545
003546
003547
003548
003549
003550
003551
003552
003555
003558
003560
003561
003563
003564
003565
003566
003569
003573
003574
003575
003576
003577
003578
003579
003580
003581
003585
003591
003592
003593
003594
003597
003599
003600
003603
003608
003609
003610
003611
003612
003614
003618
003619
003620
003622
003624
003626
003627
003628
003630
003632
003633
003634
003638
003640
003641
003645
003646
003647
003648
003650
003651
003653
003657
003658
003660
003665
003666
003668
003669
003670
003671
003679
003680
003685
003686
003691
003692
003693
003696
003698
003699
003700
003703
003707
003708
003709
003710
003711
003712
003716
003718
003719
003720
003723
003725
003727
003729
003732
003733
003734
003735
003736
003737
003738
003741
003742
003743
003744
003745
003746
003747
003748
003751
003755
003760
003765
003769
003770
003771
003775
003776
003778
003779
003780
003781
003782
003783
003784
003785
003786
003787
003788
003789
003790
003796
003797
003801
003802
003804
003805
003806
003807
003811
003836
003837
003842
003847
003848
003849
003850
003851
003853
003854
003858
003859
003860
003864
003865
003866
003867
003868
003869
003873
003875
003876
003877
003878
003880
003881
003884
003885
003886
003887
003888
003889
003890
003891
003892
003893
003894
003895
003896
003897
003900
003902
003903
003904
003905
003924
003925
003927
003930
003938
003940
003941
003942
003943
003944
003946
003948
003950
003951
003955
003956
003957
003958
003960
003966
003968
003969
003971
003972
003975
003976
003977
003978
003979
003980
003985
003987
003988
003989
003990
003991
003992
003995
004000
004001
004002
004003
004005
004006
004007
004008
004009
004010
004027
004028
004029
004030
004031
004033
004035
004036
004037
004038
004040
004056
004057
004058
004060
004061
004065
004067
004069
004074
004076
004077
004078
004081
004086
004088
004107
004108
004109
004110
004111
004114
004117
004118
004119
004122
004123
004124
004128
004129
004135
004137
004138
004140
004141
004142
004143
004146
004148
004149
004152
004155
004157
004164
004165
004167
004168
004177
004178
004179
004180
004181
004182
004183
004184
004185
004186
004187
004191
004196
004201
004202
004203
004204
004205
004206
004209
004212
004213
004214
004215
004216
004217
004218
004220
004222
004226
004227
004230
004231
004233
004234
004235
004237
004240
004241
004242
004244
004246
004247
004248
004249
004250
004252
004257
004258
004259
004261
004262
004264
004265
004267
004269
004270
004271
004272
004273
004275
004276
004277
004278
004280
004282
004283
004284
004285
004286
004287
004288
004289
004290
004291
004292
004293
004294
004295
004296
004297
004298
004299
004300
004312
004322
004323
004325
004335
004336
004339
004345
004347
004354
004355
004356
004360
004362
004363
004364
004366
004367
004368
004369
004370
004371
004372
004374
004375
004377
004378
004380
004382
004383
004384
004385
004386
004387
004390
004392
004393
004394
004395
004398
004399
004403
004405
004410
004411
004412
004413
004414
004415
004416
004418
004419
004420
004421
004422
004423
004424
004425
004426
004427
004428
004429
004430
004431
004432
004435
004436
004437
004438
004440
004442
004444
004445
004446
004454
004455
004458
004459
004460
004461
004462
004465
004466
004467
004468
004471
004472
004477
004478
004479
004480
004481
004484
004485
004491
004495
004496
004498
004500
004511
004514
004515
004517
004520
004522
004523
004526
004527
004528
004529
004531
004532
004534
004535
004537
004538
004539
004540
004541
004917
004918
004920
004924
004926
004928
004931
004932
004934
004935
004936
004937
004938
004940
004941
004944
004945
004948
004953
004955
004956
004957
004958
004959
004962
004963
004964
004966
004970
004971
004974
004976
004977
004984
004991
004995
005000
005003
005006
005011
005013
005014
005015
005016
005056
005093
005094
005096
005097
005098
005099
005100
005102
005103
005107
005108
005109
005110
005111
005112
005113
005115
005116
005117
005124
005125
005127
005130
005133
005135
005136
005138
005143
005149
005153
005191
005209
005210
005212
005213
005214
005216
005219
005221
005222
005224
005229
005246
005253
005261
005263
005265
005266
005267
005268
005269
005270
005273
005274
005276
005277
005278
005279
005280
005283
005284
005287
005288
005291
005292
005293
005294
005300
005301
005302
005303
005304
005305
005306
005307
005308
005309
005311
005312
005313
005314
005315
005316
005317
005319
005320
005321
005322
005323
005324
005325
005326
005327
005328
005329
005330
005331
005332
005333
005334
005335
005336
005337
005338
005339
005340
005341
005342
005343
005344
005345
005346
005348
005350
005351
005352
005353
005398
005399
005402
005404
005407
005410
005411
005426
005428
005429
005430
005431
005432
005433
005434
005435
005440
005442
005444
005445
005450
005452
005454
005455
005456
005457
005458
005459
005460
005462
005463
005464
005466
005467
005469
005470
005477
005478
005482
005483
005484
005486
005487
005490
005494
005501
005502
005518
005519
005526
005528
005536
005537
005539
005540
005541
005543
005544
005549
005550
005558
005559
005566
005584
005585
005586
005587
005588
005589
005592
005594
005595
005596
005597
005598
005599
005600
005601
005609
005610
005613
005614
005615
005616
005619
005620
005621
005622
005623
005624
005625
005626
005628
005633
005635
005637
005649
005651
005652
005653
005654
005656
005658
005660
005662
005663
005664
005669
005680
005681
005699
005702
005703
005704
005708
005709
005710
005712
005713
005717
005720
005722
005723
005726
005727
005728
005729
005730
005731
005732
005739
005740
005743
005744
005746
005747
005748
005750
005751
005752
005753
005754
005755
005765
005766
005767
005768
005769
005770
005782
005785
005802
005803
005808
005809
005816
005817
005819
005822
005842
005843
005846
005848
005849
005851
005853
005855
005857
005860
005864
005865
005866
005869
005873
005876
005881
005882
005897
005914
005915
005916
005922
005924
005926
005928
005943
005947
005948
005949
005951
005952
005953
005954
005976
006042
006044
006047
006048
006052
006056
006060
006063
006067
006069
006073
006074
006075
006077
006080
006082
006086
006093
006094
006095
006096
006099
006107
006111
006139
006140
006142
006143
006145
006152
006157
006158
006159
006162
006164
006168
006173
006189
006195
006197
006242
006248
006252
006253
006256
006257
006334
006339
006408
006409
006410
006418
006434
006445
006446
006447
006448
006449
006450
006451
006453
006455
006456
006457
006458
006459
006460
006461
006464
006465
006466
006467
006469
006470
006474
006475
006476
006478
006479
006483
006488
006490
006492
006495
006499
006502
006505
006508
006510
006513
006517
006519
006524
006528
006541
006542
006544
006545
006546
006547
006548
006553
006560
006562
006566
006570
006585
006586
006587
006591
006594
006597
006599
006602
006604
006606
006607
006608
006611
006614
006617
006618
006619
006621
006623
006643
006644
006645
006661
006665
006675
006677
006729
006737
006749
006755
007222
007234
007235
007236
007243
007245
007246
007251
007258
007263
007272
007279
007287
007289
007293
007310
007312
007315
007316
007317
007318
007324
007326
007328
007338
007344
007350
007361
007364
007368
007370
007372
007373
007378
007379
007380
007382
007383
007384
007385
007390
007392
007397
007398
007399
007401
007411
007423
007437
007438
007439
007440
007442
007443
007448
007452
007453
007454
007471
007490
007492
007493
007494
007502
007506
007509
007510
007511
007512
007513
007514
007517
007520
007521
007522
007526
007531
007537
007548
007552
007553
007556
007557
007560
007561
007562
007570
007571
007572
007574
007576
007577
007579
007582
007583
007587
007588
007594
007598
007600
007602
007603
007604
007605
007606
007607
007619
007620
007622
007628
007630
007633
007647
007648
007649
007651
007655
007660
007661
007662
007666
007670
007671
007679
007681
007683
007686
007687
007688
007689
007691
007697
007707
007708
007709
007718
007720
007723
007724
007729
007730
007732
007733
007734
007735
007737
007738
007739
007740
007742
007744
007746
007749
007751
007752
007755
007764
007765
007766
007779
007781
007782
007783
007795
007796
007798
007800
007802
007803
007804
007805
007806
007807
007809
007810
007814
007823
007826
007827
007828
007829
007830
007834
007848
007849
007850
007851
007853
007856
007858
007860
007861
007862
007863
007864
007865
007866
007867
007872
007875
007876
007877
007878
007879
007880
007881
007885
007891
007894
007896
007897
007912
007917
007918
007941
007943
007946
007947
007948
007949
007952
007960
007976
007980
007986
007993
007994
007998
008003
008005
008011
008020
008022
008023
008024
008028
008032
008034
008035
008037
008040
008047
008055
008057
008058
008059
008061
008062
008063
008065
008066
008067
008073
008076
008077
008078
008100
008101
008105
008108
008114
008115
008119
008128
008134
008141
008142
008144
008153
008156
008157
008160
008163
008164
008165
008174
008175
008189
008213
008214
008216
008226
008236
008251
008257
008280
008283
008284
008285
008286
008287
008288
008294
008296
008297
008298
008301
008302
008304
008311
008313
008318
008323
008324
008333
008336
008356
008359
008362
008363
008367
008368
008369
008372
008373
008374
008376
008382
008383
008384
008385
008386
008387
008389
008390
008395
008398
008399
008400
008401
008403
008408
008409
008415
008416
008418
008421
008430
008433
008438
008440
008441
008442
008443
008444
008451
008452
008453
008454
008458
008485
008489
008491
008492
008494
008495
008498
008499
008501
008503
008509
008511
008513
008516
008522
008525
008528
008533
008550
008573
008574
008575
008577
008580
008581
008582
008584
008586
008587
008597
008615
008616
008617
008618
008626
008627
008630
008635
008649
008651
008652
008655
008659
008676
008681
008683
008691
008693
008699
008701
008702
008703
008708
008709
008710
008711
008714
008715
008716
008718
008722
008743
008745
008746
008749
008751
008753
008754
008756
008758
008768
008780
008781
008782
008783
008790
008791
008792
008794
008796
008803
008816
008828
008830
008832
008856
008866
008880
008881
008884
008887
008905
008909
008915
008917
008918
008921
008932
008938
008948
008973
008974
008976
008977
008978
008979
008993
008996
009001
009010
009015
009017
009020
009021
009022
009023
009024
009029
009030
009031
009032
009033
009034
009036
009039
009043
009046
009047
009052
009056
009060
009064
009067
009069
009070
009071
009072
009074
009075
009076
009077
009079
009080
009081
009087
009102
009120
009121
009122
009123
009130
009143
009147
009148
009162
009167
009168
009169
009176
009180
009182
009185
009186
009188
009189
009190
009191
009194
009195
009200
009212
009213
009215
009228
009232
009233
009234
009247
009248
009253
009254
009255
009256
009259
009266
009269
009272
009273
009276
009290
009300
009303
009308
009310
009317
009338
009345
009380
009386
009388
009389
009400
009406
009423
009429
009438
009441
009444
009451
009457
009460
009461
009465
009466
009467
009469
009475
009479
009481
009482
009483
009491
009493
009496
009503
009504
009506
009508
009513
009525
009529
009530
009532
009541
009548
009549
009575
009579
009583
009585
009587
009590
009599
009601
009608
009610
009611
009613
009614
009615
009616
009617
009620
009622
009624
009629
009631
009632
009633
009635
009636
009637
009639
009642
009647
009664
009665
009667
009671
009672
009674
009675
009676
009677
009679
009680
009682
009683
009686
009687
009689
009690
009692
009693
009695
009703
009707
009708
009709
009710
009711
009713
009722
009724
009726
009727
009731
009732
009736
009781
009782
009783
009785
009789
009799
009802
009805
009817
009820
009821
009822
009823
009824
009829
009834
009836
009838
009858
009859
009873
009883
009903
009904
009905
009906
009912
009917
009918
009919
009920
009922
009923
009925
009930
009931
009932
009933
009935
009936
009943
009944
009957
009965
009970
009971
009976
009980
009982
009983
009985
009986
009989
009991
009992
009993
010006
010013
010014
010025
010037
010040
010047
010048
010049
010050
010051
010056
010057
010060
010063
010064
010069
010077
010106
010108
010117
010118
010120
010122
010123
010124
010128
010129
010132
010133
010140
010141
010142
010148
010149
010153
010154
010155
010156
010157
010158
010160
010161
010162
010163
010164
010165
010172
010173
010187
010228
010229
010243
010280
010282
010288
010289
010290
010291
010292
010293
010294
010295
010298
010299
010302
010308
010314
010318
010333
010334
010336
010338
010339
010342
010347
010348
010368
010373
010374
010375
010379
010383
010384
010392
010397
010398
010401
010402
010403
010411
010412
010413
010418
010420
010422
010428
010429
010434
010435
010436
010437
010438
010445
010446
010447
010448
010449
010450
010453
010454
010494
010496
010504
010510
010511
010512
010513
010520
010521
010524
010528
010532
010546
010555
010556
010559
010562
010563
010565
010569
010570
010571
010572
010573
010574
010575
010578
010580
010588
010590
010591
010592
010593
010594
010595
010596
010597
010598
010599
010611
010615
010616
010618
010619
010620
010621
010622
010625
010626
010628
010629
010634
010635
010643
010662
010687
010689
010690
010694
010705
010707
010709
010711
010713
010721
010726
010729
010744
010760
010761
010762
010763
010765
010766
010769
010770
010771
010773
010774
010777
010779
010781
010782
010783
010784
010785
010786
010787
010794
010796
010799
010800
010801
010802
010803
010804
010807
010808
010810
010813
010821
010833
010834
010837
010842
010844
010847
010848
010851
010854
010858
010863
010873
010874
010876
010879
010881
010905
010978
010979
010981
010983
010990
010992
010993
010994
010995
010996
010997
011001
011003
011009
011010
011020
011024
011025
011029
011030
011035
011036
011041
011044
011048
011061
011081
011104
011105
011106
011107
011108
011109
011110
011112
011114
011119
011120
011129
011142
011147
011150
011153
011155
011158
011159
011163
011168
011193
011194
011195
011197
011204
011205
011207
011209
011210
011213
011214
011217
011219
011220
011223
011225
011230
011234
011238
011243
011245
011249
011261
011265
011271
011275
011294
011296
011297
011298
011299
011303
011306
011307
011308
011310
011311
011312
011313
011314
011316
011321
011322
011327
011328
011329
011330
011331
011340
011341
011355
011359
011362
011363
011368
011375
011380
011385
011387
011388
011397
011400
011402
011403
011405
011409
011413
011421
011422
011423
011424
011426
011428
011430
011447
011451
011455
011456
011468
011469
011477
011485
011486
011494
011496
011497
011500
011504
011505
011510
011511
011512
011515
011518
011522
011523
011525
011527
011528
011531
011533
011542
011543
011555
011558
011559
011564
011565
011570
011573
011574
011575
011576
011577
011578
011580
011581
011617
011624
011627
011631
011633
011634
011636
011637
011644
011677
011683
011685
011686
011688
011692
011695
011720
011721
011722
011728
011729
011730
011737
011743
011751
011754
011761
011766
011772
011773
011807
011844
011845
011848
011850
011858
011859
011860
011861
011864
011870
011871
011872
011873
011874
011882
011896
011904
011930
011931
011934
011935
011939
011940
011972
011982
011983
011984
011986
012013
012014
012015
012021
012022
012025
012030
012034
012052
012055
012057
012060
012061
012066
012078
012080
012082
012094
012095
012096
012098
012099
012102
012103
012112
012114
012118
012121
012125
012128
012133
012136
012140
012148
012149
012151
012152
012154
012163
012164
012165
012171
012172
012178
012179
012199
012206
012216
012218
012221
012222
012225
012229
012236
012238
012256
012257
012259
012260
012271
012278
012279
012280
012281
012298
012299
012305
012321
012322
012325
012334
012337
012338
012343
012344
012363
012364
012365
012366
012376
012377
012378
012380
012381
012382
012383
012384
012385
012386
012387
012388
012398
012399
012404
012422
012442
012444
012446
012448
012450
012470
012471
012473
012474
012487
012494
012495
012503
012507
012508
012510
012513
012514
012515
012559
012561
012564
012568
012569
012575
012585
012588
012593
012596
012597
012605
012617
012625
012626
012689
012694
012696
012699
012700
012701
012705
012710
012712
012714
012724
012725
012728
012729
012734
012735
012739
012744
012745
012747
012772
012787
012791
012796
012798
012810
012817
012835
012837
012838
012839
012845
012846
012857
012858
012859
012860
012868
012869
012879
012900
012922
012924
012929
012933
012934
012935
012936
012937
012938
012939
012953
012955
012957
012978
012990
012992
013004
013008
013013
013017
013018
013021
013042
013046
013049
013050
013053
013054
013074
013076
013097
013099
013100
013101
013111
013112
013113
013116
013117
013123
013132
013138
013145
013146
013147
013148
013152
013162
013163
013166
013168
013184
013189
013203
013210
013212
013220
013221
013222
013223
013224
013226
013228
013229
013230
013237
013257
013258
013262
013274
013293
013296
013302
013303
013305
013306
013312
013313
013337
013343
013363
013367
013376
013377
013378
013379
013380
013381
013382
013395
013396
013409
013415
013417
013418
013419
013423
013424
013428
013430
013431
013432
013433
013434
013435
013443
013444
013446
013448
013451
013452
013453
013454
013456
013461
013510
013511
013515
013516
013517
013518
013526
013527
013534
013545
013548
013557
013563
013566
013569
013595
013605
013606
013614
013615
013618
013627
013638
013641
013653
013658
013660
013668
013669
013679
013682
013684
013685
013711
013724
013727
013728
013735
013758
013764
013765
013770
013774
013787
013789
013795
013799
013801
013803
013810
013826
013836
013841
013843
013844
013845
013859
013867
013870
013871
013872
013874
013883
013890
013899
013902
013909
013913
013914
013916
013917
013919
013921
013924
013927
013940
013945
013946
013948
013950
013953
013954
013958
013959
013960
013961
013962
013965
013967
013980
013983
013987
014001
014002
014008
014014
014017
014024
014039
014041
014044
014045
014047
014051
014052
014055
014060
014061
014064
014076
014077
014090
014111
014119
014143
014149
014150
014153
014154
014157
014164
014167
014171
014184
014186
014187
014218
014222
014226
014229
014230
014250
014252
014263
014265
014266
014267
014270
014271
014274
014276
014277
014308
014309
014311
014317
014318
014319
014320
014321
014333
014348
014349
014352
014355
014360
014363
014364
014365
014366
014367
014368
014371
014372
014374
014375
014378
014379
014381
014384
014385
014386
014406
014408
014440
014444
014448
014449
014466
014473
014474
014475
014476
014477
014478
014479
014481
014484
014485
014487
014494
014503
014508
014523
014525
014562
014572
014577
014583
014587
014588
014591
014592
014594
014595
014596
014597
014598
014599
014600
014602
014605
014609
014610
014618
014621
014634
014635
014651
014691
014692
014698
014700
014706
014708
014722
014724
014728
014763
014816
014819
014821
014825
014826
014828
014829
014830
014831
014832
014834
014836
014837
014838
014839
014842
014843
014844
014846
014856
014893
014895
014896
014907
014946
014947
014948
014952
014953
014954
014955
014956
014957
014958
014959
014960
014966
014970
014971
014973
014975
014978
014979
014980
014983
015079
015080
015082
015086
015123
015135
015208
015294
015298
015359
015436
015439
015479
015481
015484
015487
015514
015517
015521
015529
015553
015554
015555
015556
015559
015560
015561
015563
015564
015565
015566
015567
015569
015571
015572
015573
015574
015580
015582
015585
015587
015588
015591
015592
015596
015598
015599
015600
015604
015613
015617
015619
015659
015660
015661
015662
015664
015665
015671
015673
015675
015676
015679
015681
015682
015683
015684
015685
015686
015687
015688
015689
015690
015691
015696
015700
015701
015705
015706
015708
015709
015710
015713
015714
015716
015722
015729
015731
015732
015733
015735
015736
015737
015738
015744
015764
015765
015766
015790
015802
015806
015809
015814
015818
015821
015822
015823
015828
015835
015836
015837
015839
015841
015868
015881
015882
015916
015923
015927
015931
015937
015986
015987
016004
016013
016018
016027
016036
016088
016093
016101
016102
016112
016113
016126
016131
016144
016146
016150
016151
016153
016154
016155
016159
016160
016164
016178
016179
016180
016181
016203
016214
016268
016278
016336
016338
016392
016465
016466
016467
016473
016476
016483
016494
016496
016502
016556
016557
016558
016559
016560
016614
016615
016618
016619
016622
016624
016677
016679
016683
016684
016689
016693
016694
016696
016701
016708
016712
016713
016716
016723
016724
016725
016729
016732
016739
016746
016747
016752
016753
016758
016766
016772
016785
016793
016797
016798
016801
016808
016811
016812
016813
016817
016822
016834
016841
016846
016850
016852
016855
016861
016862
016863
016908
016912
016921
016938
016954
016958
016960
016966
016968
016976
016983
016998
016999
017000
017005
017011
017014
017029
017033
017049
017055
017060
017062
017063
017083
017092
017102
017110
017113
017115
017126
017127
017145
017148
017174
017178
017184
017185
017191
017199
017205
017208
017213
017218
017219
017220
017225
017226
017229
017241
017262
017298
017304
017313
017318
017319
017322
017325
017333
017336
017338
017341
017352
017354
017360
017361
017366
017367
017383
017385
017392
017393
017408
017417
017424
017429
017430
017434
017435
017436
017438
017439
017442
017445
017449
017451
017456
017462
017466
017467
017469
017471
017476
017485
017489
017511
017516
017524
017531
017547
017551
017552
017554
017556
017565
017566
017567
017569
017580
017588
017589
017593
017594
017598
017600
017609
017615
017621
017626
017641
017642
017643
017647
017655
017660
017661
017662
017668
017670
017683
017689
017694
017697
017716
017717
017724
017726
017739
017744
017754
017772
017775
017785
017797
017805
017821
017827
017831
017838
017839
017855
017864
017874
017879
017881
017882
017892
017893
017894
017895
017896
017897
017899
017901
017906
017915
017916
017918
017919
017925
017945
017953
017958
017959
017963
017972
017979
017989
017994
018004
018008
018012
018015
018017
018018
018025
018068
018070
018071
018072
018073
018075
018110
018121
018122
018124
018130
018133
018136
018138
018139
018143
018144
018148
018164
018166
018169
018170
018172
018173
018174
018175
018180
018187
018189
018218
018227
018234
018249
018252
018269
018272
018276
018278
018282
018299
018306
018307
018309
018313
018314
018321
018348
018354
018355
018359
018360
018373
018380
018382
018392
018406
018408
018409
018416
018418
018419
018432
018441
018442
018459
018460
018461
018471
018472
018474
018475
018477
018481
018484
018485
018486
018492
018494
018499
018501
018505
018506
018507
018510
018519
018525
018539
018543
018547
018558
018571
018572
018586
018587
018594
018595
018596
018597
018603
018608
018609
018615
018618
018620
018621
018624
018625
018628
018632
018636
018639
018642
018645
018646
018648
018654
018656
018666
018670
018672
018673
018676
018707
018708
018713
018719
018720
018721
018722
018727
018730
018746
018751
018766
018767
018769
018771
018772
018773
018783
018785
018787
018789
018801
018810
018818
018846
018849
018851
018852
018854
018866
018867
018870
018878
018879
018884
018893
018945
018949
020417
020418
020427
020600
020601
020625
020628
020630
020631
020634
020635
020667
020668
020674
020677
020678
020679
020680
020770
020777
020778
020781
020785
020787
020788
020789
020791
020870
020889
020894
020933
020988
020991
020993
020995
020997
021060
021544
021608
021609
021610
021611
021612
021631
021716
021718
021720
021721
021722
021724
021725
021729
021731
021735
021736
021737
021738
021739
021741
021742
021744
021749
021758
021759
021760
021761
021783
021826
021828
021830
021835
021840
021847
021851
021859
021876
021995
022011
022022
022044
022045
022060
022070
022156
022175
022207
022246
022253
022399
022402
022439
022442
022446
022672
022901
022950
023048
023057
023133
023135
023136
023146
023150
023241
023310
023498
023499
023500
025222
025452
025482
025483
025769
025962
026118
026256
026272
026541
026637
026836
026843
026854
026857
027181
027256
027283
027308
027464
027651
027653
027654
027656
027657
027658
027660
027664
027666
027667
027668
027677
027691
027784
027805
027829
027830
027883
027884
027898
027900
027908
027934
028020
028031
028042
028109
028123
028128
028186
028194
028237
028238
028240
028241
028250
028283
028287
028298
028299
028300
028302
028304
028309
028333
028375
028455
028524
028526
028582
028635
028641
028789
028790
028804
028817
028851
028872
028909
028955
028968
028996
028998
029005
029030
029054
029060
029063
029108
030189
030190
030191
030192
030193
030194
030198
030199
030200
030308
030309
030320
030322
030323
030329
030340
030356
030357
030377
030388
030806
030816
030818
030891
030921
030922
030937
030981
031057
031099
031165
031265
031277
031317
031517
032293
032296
032306
032310
032313
032319
032369
032371
032450
032471
032472
032473
032485
032497
032501
032503
032508
032513
032521
032523
032542
032543
032544
032559
032562
032568
032571
032582
032600
032610
032619
032620
032637
032639
032664
032691
032692
032693
032695
032724
032748
032752
032779
032780
032781
032785
032787
032794
033044
033045
033145
033148
033171
033173
033174
033175
033176
033179
033182
033185
033190
033195
033196
033198
033204
033205
033206
033222
033226
033227
033240
033241
033242
033243
033245
033246
033247
033280
033328
033329
033337
033342
039401
039410
039411
039416
039419
039436
039445
039457
039461
039481
039484
039491
039504
039507
039512
039555
039583
039632
039681
039683
039686
039697
039698
039705
039706
039708
039734
039742
039743
039753
039757
039758
039759
039760
039761
039873
039874
039922
039950
039954
039955
039965
039966
039971
039972
039973
039975
039980
039991
040003
040045
040075
040883
040900
040902
040908
041339
041349
041353
041400
041404
041407
041408
041440
041442
041474
041475
041520
041521
041525
041526
041546
041547
041549
041550
041554
041582
041586
041587
041588
041589
041590
041591
041592
041593
041596
041601
041602
041604
041619
041626
041835
041836
041846
041848
042032
042126
042136
042255
042327
042850
042856
042857
042877
042884
042891
042904
042961
042963
042998
042999
043000
043003
043035
043065
043077
043080
043109
043115
043116
043145
043147
043158
043184
043188
043193
043242
043252
043255
043262
043324
043541
043544
043598
043605
043628
043629
043630
043633
043640
043643
043645
043681
043686
043709
043717
043721
043732
043742
043756
043762
043765
043766
043772
043793
043796
043797
043815
043835
043854
043855
043857
043858
043859
043860
043861
043864
043865
043866
043868
043878
043879
043902
043919
043927
043944
044000
044001
044022
044031
044039
044041
044044
044053
044055
044060
044063
044071
044075
044076
044078
044081
044108
044121
044132
044157
044167
044170
044171
044173
044190
044193
044197
044214
044219
044228
044252
044258
044259
044271
044276
044278
044285
044289
044303
044305
044345
044458
044466
044467
044517
044539
044547
044554
044563
044569
044574
044581
044583
044584
044585
044623
044647
044657
044669
044674
044676
044680
044681
044687
044764
044835
044841
044867
044873
044878
044880
044883
044884
044890
044891
044917
044919
044933
044934
044935
044938
044967
044969
044977
044980
044981
044990
044992
045013
045034
045042
045044
045081
045086
045099
045100
045101
045114
045115
045116
045119
045120
045121
045123
045142
045170
045187
045205
045241
045257
045315
045321
045322
045361
045362
045363
045364
045385
045389
045390
045422
045446
045452
045455
045459
045463
045467
045468
045473
045485
045494
045517
045520
045521
045526
045530
045561
045564
045565
045570
045589
045611
045613
045636
045637
045638
045654
045677
045678
045719
045725
045751
045759
045760
045762
045765
045770
045784
045793
045795
045798
045801
045805
045813
045835
045839
045865
045866
045867
045870
045873
045876
045877
045887
045889
045902
045906
045908
045912
045923
045929
045933
045991
046000
046015
046020
046021
046023
046025
046028
046029
046030
046033
046039
046040
046079
046108
046129
046148
046155
046194
046239
046241
046243
046245
046259
046315
046321
046322
046324
046329
046331
046340
046361
046370
046381
046383
046392
046397
046398
046401
046403
046420
046430
046459
046461
046463
046464
046465
046466
046467
046471
046481
046492
046552
046572
046582
046618
046663
046665
046671
046675
046677
046683
046688
046702
046703
046706
046712
046738
046753
046766
046772
046776
046778
046780
046783
046790
046801
046812
046815
046823
046827
046836
046841
046854
046857
046866
046872
046897
046899
046904
046906
046909
046914
046917
046949
046962
046969
046979
046980
046995
047005
047006
047012
047022
047023
047064
047113
047114
047202
047265
047268
047304
047322
047559
047563
047570
047594
047724
047747
047750
047795
047868
047875
047912
047919
047928
047944
047946
047977
048012
048013
048014
048034
048098
048102
048149
048172
048174
048182
048187
048189
048206
048210
048211
048212
048215
048223
048225
048258
048262
048269
048270
048290
048291
048292
048293
048294
048295
048296
048297
048298
048299
048313
048392
048426
048438
048444
048465
048466
048524
048533
048535
048554
048580
048631
048802
048816
048825
048881
048904
048925
048931
048989
048999
049007
049021
049022
049026
049032
049057
050322
050330
050340
050411
050412
050439
050440
050566
050571
050573
050574
050575
050577
050593
050594
050595
050598
050601
050617
050628
050631
050635
050640
050659
050664
050674
050693
050706
050769
050774
050775
050778
050779
050780
050781
050784
050785
050798
050799
050802
050803
050806
050807
050808
050809
050810
050811
050814
050815
050816
050817
050819
050820
050821
050822
050823
050824
050825
050826
050827
050828
050829
050830
050831
050832
050833
050835
050836
050837
050838
050839
050840
050841
050842
050843
050844
050845
050846
050847
050848
050849
050850
050851
050852
050853
050854
050855
050856
050857
050858
050859
050860
050862
050863
050869
050893
050897
050901
050904
050905
050908
050909
050910
050911
050913
050914
050915
050917
050920
050921
050923
050927
050928
050935
050936
050937
050938
050939
050940
050942
050943
050946
050948
050949
050950
050953
050954
050959
050960
050963
050965
050967
050969
050976
050985
050989
051001
051037
051059
051060
051062
051071
051072
051079
051112
051191
051200
051202
051212
051213
051282
051284
051285
051326
051329
051510
051759
051760
051764
051777
051783
051788
051789
051791
051796
051805
051812
051814
051815
051821
051825
051836
052000
052002
052020
052024
052025
052040
052042
052048
052055
052058
052102
052103
052105
052110
052116
052118
052129
052134
052175
052178
052179
052181
052182
052185
052188
052194
052235
052271
052275
052299
052336
052342
052366
052367
052396
052408
052409
052417
052432
052433
052436
052437
052439
052440
052441
052442
052457
052469
052470
052486
052492
052495
052506
052512
052513
052530
052558
052571
052763
052781
052809
052810
052921
052926
052965
052966
052971
052981
053421
053432
053433
053437
053438
053439
053440
053441
053442
053443
053444
053445
053447
053452
053453
053454
053455
053456
053457
053458
053459
053497
053539
053541
053546
053561
053566
053567
053569
053584
053616
053618
053638
053649
053677
053688
053716
053717
053839
053866
053883
053889
053890
053893
053920
053951
053968
053984
054002
054015
054045
054071
054105
054106
054122
054123
054124
054125
054141
054145
054200
054212
054221
054223
054227
054228
054230
054231
054247
054250
054252
054264
054274
054289
054290
054291
054292
054293
054294
054295
054296
054297
054298
054299
054300
054302
054315
054339
054346
054354
054371
054372
054390
054391
054419
054433
054441
054461
054467
054473
054474
054480
054498
054510
054513
054514
054515
054516
054518
054523
054524
054560
054561
054562
054636
054637
054638
054639
054640
054641
054642
054643
054690
054703
054727
054728
054729
054770
054837
054861
054907
054908
054909
054923
054954
054964
055010
055020
055021
055022
055025
055051
055061
055062
055063
055064
055108
055109
055110
055125
055128
055130
055170
055172
055216
055225
055237
055238
055239
055240
055241
055278
055279
055280
055281
055282
055283
055284
055303
055343
055345
055347
055352
055361
055377
055378
055381
055389
055423
055441
055442
055444
055471
055493
055500
055501
055540
055547
055548
055550
055559
055563
055564
055567
055568
055569
055571
055572
055573
055574
055575
055576
055582
055617
055803
055824
055825
055826
055830
055832
055838
055859
055861
055862
055864
055865
055866
055884
055934
055977
055982
055983
055984
055985
055987
055988
055989
055990
055991
055992
055994
055998
056000
056001
056002
056003
056035
056051
056052
056053
056078
056097
056126
056128
056129
056131
056132
056145
056149
056150
056152
056153
056164
056165
056166
056180
056189
056190
056191
056193
056194
056195
056196
056218
056220
056221
056222
056239
056257
056258
056298
056301
056302
056303
056304
056305
056306
056339
056344
056345
056346
056385
056389
056390
056401
056409
056424
056429
056450
056456
056462
056463
056503
056576
056579
056580
056581
056592
056595
056601
056602
056608
056627
056628
056629
056651
056653
056654
056660
056667
056668
056669
056673
056674
056675
056676
056677
056678
056679
056680
056681
056682
056684
056687
056688
056689
056690
056691
056692
056693
056694
056697
056698
056699
056700
056701
056702
056705
056711
056712
056713
056717
056743
056796
056871
056872
056874
056875
056878
056879
056881
056882
056887
056888
056934
056942
056958
056959
056965
056967
056975
056981
056982
056983
056985
056986
056987
056988
057002
057007
057008
057010
057060
057061
057062
057064
057066
057067
057068
057069
057070
057071
057072
057073
057074
057075
057076
057077
057078
057079
057080
057081
057082
057084
057085
057086
057087
057088
057089
057090
057093
057094
057095
057096
057097
057098
057099
057100
057101
057103
057104
057164
057165
057166
057172
057173
057174
057177
057178
057179
057180
057181
057182
057183
057184
057185
057186
057187
057188
057189
057190
057191
057212
057213
057233
057242
057243
057256
057257
057532
057534
059405
059472
059474
059487
059498
059502
059503
059504
059523
059524
059527
059555
059562
059564
059565
059567
059568
059569
059570
059571
059572
059573
059576
059577
059579
059580
059586
059587
059588
059589
059590
059591
059593
059595
059596
059597
059603
059615
059616
059617
059622
059623
059647
059648
059650
059652
059653
059654
059659
059661
059663
059664
059666
059678
059679
059683
059686
059689
059692
059694
059695
059697
059709
059710
059718
059719
059720
059721
059722
059723
059729
059730
059752
059755
059756
059763
059765
059769
059771
059780
059783
059784
059786
059793
059798
059806
059817
059818
059819
059826
059827
059828
059829
059830
059831
059832
059901
060062
060068
060069
060071
060072
060093
060094
060183
060196
060276
060278
060296
060335
060336
060337
060338
060339
060340
060343
060350
060366
060367
060373
060377
060378
060401
060405
060407
060408
060409
060422
060439
060448
060449
060450
060459
060460
060461
060471
060494
060516
060521
060525
060526
060529
060530
060531
060546
060582
060585
060622
060626
060630
060636
060637
060642
060643
060651
060662
060666
060686
060687
060782
060844
060901
060902
060932
060949
060985
060992
061001
061030
061046
061070
061072
061073
061074
061077
061122
061130
061133
061144
061150
061198
061200
061227
061239
061240
061241
061250
061296
061315
061394
061398
061399
061547
061563
061601
061651
061654
061658
061670
061680
061698
061728
061729
061730
061732
061749
061776
061780
061783
061815
061816
061818
061819
061827
061828
061831
061832
061833
061835
061837
061845
061864
061875
061878
061879
061889
061890
061891
061893
061901
061902
061903
061904
061909
061943
061944
061945
061946
061947
061948
061949
061950
061951
061952
061953
061954
061955
061956
061957
061958
061959
061960
061961
061963
061964
061965
061972
061999
062007
062011
062012
062045
062046
062049
062050
062051
062052
062053
062054
062056
062058
062059
062065
062066
062074
062100
062116
062126
062176
062205
062287
062293
062335
062348
062349
062366
062371
062373
062385
062425
062426
062427
062451
062455
062456
062465
062481
062483
062506
062510
062542
062543
062544
062549
062550
062551
062552
062553
062554
062555
062595
062640
062662
062663
062664
062668
062707
062719
062743
062763
062765
062768
062771
062773
062774
062780
062781
062782
062783
062843
062849
062865
062871
062872
062909
062910
062911
062912
062913
062914
062923
062928
062931
062968
062981
062994
063008
063011
063013
063014
063024
063026
063040
063042
063055
063089
063093
063100
063113
063116
063121
063151
063157
063158
063165
063171
063174
063177
063179
063181
063190
063196
063202
063221
063234
063235
063240
063241
063250
063251
063253
063257
063260
063278
063280
063290
063292
063294
063309
063311
063312
063315
063317
063330
063331
063334
063336
063343
063344
063347
063348
063355
063376
063377
063378
063380
063383
063384
063385
063386
063388
063390
063396
063398
063401
063406
063409
063428
063430
063434
063435
063478
063479
063481
063488
063489
063490
063491
063492
063493
063498
063499
063500
063501
063508
063514
063522
063523
063524
063525
063526
063527
063528
063538
063546
063547
063550
063551
063553
063562
063563
063564
063565
063568
063570
063571
063574
063583
063585
063612
063613
063614
063640
063648
063649
063650
063651
063682
063683
063684
063697
063699
063712
063743
063744
063745
063746
063747
063748
063749
063750
063751
063752
063753
063754
063755
063756
063757
063758
063759
063760
063761
063762
063763
063764
063765
063774
063788
063789
063795
063809
063842
063843
063844
063845
063846
063848
063857
063859
063867
063868
063878
063879
063880
063886
063893
063894
063895
063900
063902
063904
063905
063917
063918
063919
063920
063921
063943
063957
063958
063970
063972
063974
063985
063986
063989
063990
063991
064000
064001
064009
064012
064015
064018
064021
064045
064046
064059
064060
064061
064062
064063
064064
064065
064066
064067
064068
064069
064071
064072
064073
064074
064075
064076
064100
064103
064104
064105
064106
064107
064108
064161
064174
064175
064176
064177
064178
064179
064180
064181
064182
064183
064184
064185
064186
064187
064188
064189
064190
064191
064192
064204
064236
064253
064254
064255
064262
064270
064286
064295
064303
064310
064311
064317
064318
064337
064345
064348
064359
064360
064362
064367
064368
064369
064376
064379
064385
064386
064387
064408
064431
064461
064474
064475
064476
064477
064478
064479
064480
064481
064482
064483
064484
064485
064486
064487
064495
064496
064497
064498
064509
064522
064523
064529
064572
064573
064577
064611
064647
064652
064653
064657
064660
064666
064685
064686
064688
064779
064782
064788
064790
064792
064793
064794
064796
064797
064799
064800
064801
064802
064803
064806
064807
064808
064812
064813
064814
064815
064817
064821
064822
064823
064824
064825
064826
064827
064828
064831
064832
064833
064834
064835
064837
064838
064839
064840
064841
064843
064858
064860
064861
064864
064865
064922
064923
064935
064937
064938
064939
064940
064941
064942
064943
064944
064945
064946
064947
064956
064969
064979
064995
065008
065019
065031
065032
065033
065045
065048
065083
065092
065093
065098
065100
065104
065105
065124
065126
065129
065134
065164
065165
065166
065168
065169
065176
065177
065178
065179
065180
065181
065182
065189
065191
065224
065227
065230
065231
065240
065249
065251
065253
065254
065255
065265
065266
065268
065276
065282
065283
065284
065285
065286
065287
065298
065299
065329
065332
065334
065338
065339
065340
065341
065371
065374
065421
065422
065423
065424
065426
065428
065429
065448
065482
065483
065484
065486
065487
065532
065551
065554
065561
065567
065568
065598
065624
065644
065645
065656
065658
065659
065660
065667
065683
065712
065718
065723
065740
065747
065748
065749
065750
065755
065760
065766
065768
065769
065770
065804
065839
065846
065847
065848
065849
065871
065874
065903
065904
065914
065915
065917
065927
065954
065955
065956
065958
065970
065971
065972
065982
065983
065985
066008
066009
066011
066014
066018
066019
066020
066021
066044
066059
066063
066064
066065
066066
066070
066074
066075
066086
066101
066109
066114
066124
066127
066129
066130
066132
066133
066140
066176
066186
066198
066209
066210
066211
066212
066213
066214
066220
066231
066236
066237
066238
066239
066241
066242
066252
066254
066263
066265
066291
066295
066388
066402
066441
066478
066500
066501
066505
066550
066605
066606
066607
066610
066616
066617
066624
066673
066674
066677
066717
066721
066729
066761
066787
066788
066789
066790
066791
066792
066793
066794
066828
066834
066841
066968
066972
066974
066975
066976
066977
066978
066979
066981
066985
066986
067018
067033
067034
067037
067043
067084
067085
067089
067097
067101
067102
067107
067108
067109
067110
067112
067158
067167
067168
067169
067170
067171
067205
067206
067207
067247
067248
067249
067250
067251
067252
067253
067254
067255
067256
067257
067258
067259
067260
067261
067262
067276
067279
067284
067306
067307
067409
067410
067412
067414
067446
067447
084950
084951
084952
085102
085111
085131
085132
085134
085164
085167
085168
085172
085173
085177
085228
085229
085230
085231
085279
085286
085350
085351
085352
085427
085432
085433
085434
085435
085447
085450
085453
085471
085486
085491
085840
085908
086046
086152
086206
086251
086514
087049
087278
087302
088399
088400
088401
088480
088510
088542
088567
088898
088899
088905
088910
088911
088912
089660
089662
089900
089947
089980
089982
089983
090037
090369
090410
095021
095070
095171
095515
095609
096566
097484
097489
097490
097519
097528
097529
097530
097532
097533
097535
097536
097537
097539
097540
097541
097558
097569
097570
097579
097629
098455
098456
098457
100966
105011
105012
105047
105048
105068
105071
105094
105098
105325
105484
105492
105493
105544
105661
105662
105666
105682
105683
105705
105707
105708
105764
105766
105768
105769
105778
105779
105780
105784
105785
105786
105787
105788
105789
105791
105797
105821
105834
105839
105840
105841
105842
105843
105844
105906
105907
106342
106362
106363
106364
106365
106366
106369
106370
106464
107049
107079
107089
109041
109050
109051
109055
109097
109098
109116
109129
109130
109134
109139
109142
109143
109917
109920
109924
109936
109944
109945
109948
109949
109950
109953
109954
109955
109957
110195
110197
110198
110200
110211
110325
110326
110338
110342
110354
110356
110357
110358
110359
110367
110379
110380
110387
110455
110484
110490
110503
110504
110649
110687
110840
110874
110892
110933
110978
111057
111058
111170
111175
111185
111249
111258
111262
111280
111350
111369
111515
111516
111517
111518
111644
111651
111816
111817
111843
111889
111927
111932
111933
111934
111940
111941
111942
111951
111952
111953
111958
111959
111966
111967
111968
112046
112059
112060
112061
112062
112065
112066
112067
112068
112149
112151
112321
112322
112323
112388
112390
112438
112449
112465
112466
112468
112469
112470
112471
112472
112473
112474
112475
112562
112563
112566
112567
112568
112569
112570
112571
112572
112573
112574
112577
112578
112579
112580
112581
112582
112583
112584
112585
112586
112587
112588
112589
112590
112591
112592
112594
112595
112596
112597
112598
112599
112600
112601
112605
112606
112607
112608
112609
112610
112611
112612
112613
112614
112615
112656
112657
112658
112659
112660
112661
112662
112663
112665
112666
112667
112668
112669
112670
112671
112672
112673
112674
112675
112676
112677
112678
112679
112680
112681
112682
112683
112685
112686
112687
112688
112689
112690
112693
112694
112695
112696
112697
112698
112699
112700
112702
112703
112704
112705
112706
112707
112708
112710
112711
112712
112713
112760
112809
112810
112850
112862
112908
112909
112910
112911
112912
112913
112914
112915
112916
112969
112970
112972
112973
112974
112975
112976
112999
113005
113006
113007
113008
113014
113016
113017
113021
113042
113043
113245
113246
113247
113249
113250
113251
113252
113350
113368
113416
113467
113468
113486
113487
113488
113514
113674
113765
113852
114075
114104
114105
114223
114452
114567
114574
114575
114576
114638
114698
114699
114700
114731
114732
114733
114734
114735
114736
114738
114739
114740
114741
114742
114743
114744
114745
114746
114747
114748
114749
114750
114752
114753
114754
114755
114756
114757
114758
114770
114782
114886
114915
114916
114917
115144
115146
115149
115226
115291
115292
115294
115295
115296
115297
115298
115299
115300
115302
115303
115304
115305
115306
115307
115308
115395
115397
115398
115420
115452
115554
115555
115556
115559
115560
115562
115611
115659
115700
115701
115702
115704
115705
115706
115707
115708
115719
115873
115874
116692
116763
116765
116901
116902
116910
116912
116999
117000
117001
117002
117069
117096
117131
117185
117191
117254
117274
117275
117332
117337
117401
117402
117403
117404
117405
117406
117407
117415
117450
117451
117452
117453
117454
117455
117456
117457
117458
117459
117460
117461
117462
117463
117464
117465
117466
117467
117468
117469
117470
117471
117472
117473
117474
117475
117476
117477
117478
117479
117480
117481
117482
117483
117484
117486
117487
117488
117489
117490
117491
117492
117493
117494
117495
117496
117497
117498
117499
117501
117502
117503
117504
117505
117506
117507
117508
117510
117511
117512
117513
117514
117515
117516
117546
117618
117619
117622
117623
117635
117636
117637
117675
117676
117677
117692
117705
117707
117708
117709
117710
117711
117712
117779
117780
117822
117838
117878
117879
117880
117881
117882
117883
117898
117924
117925
117926
117929
117932
117933
117934
117935
117936
117937
117938
117939
117940
117941
117942
117943
117944
117945
117946
117947
117948
117949
117950
117951
117952
117953
117954
117955
117993
118040
118059
118060
118061
118062
118063
118731
118732
118802
118810
118811
118812
118813
118814
118815
118816
118829
118863
118868
118943
118944
118945
119006
119007
119019
119020
119022
119023
140011
140187
140206
140276
140373
140431
140432
140435
140436
140437
140441
140442
140550
140551
140552
140621
140638
140639
140642
140643
140644
140752
140766
140802
140961
140976
140981
140982
140983
141018
141032
141069
141070
141096
141100
141155
141217
141234
141242
141271
141297
141309
141333
141337
141341
141342
141343
141344
141391
141393
141394
141400
141401
141402
141406
141413
141414
141415
141416
141450
141451
141452
141453
141454
141455
141456
141482
141484
141491
141529
141539
141771
141772
141779
141780
141781
141782
141783
141784
141785
141802
141809
141810
141811
141829
141831
141832
141834
141835
141850
141851
141852
141853
141854
141868
141869
141897
141898
141911
141912
141914
141931
141938
141947
141950
141957
141958
141960
141964
141967
141969
141970
141974
141975
141991
142018
142022
142024
142025
142041
142044
142058
142059
142060
142061
142062
142082
142094
142113
142152
142153
142163
142164
142174
142178
142183
142185
142186
142187
142196
142197
142198
142199
142200
142201
142202
142203
142205
142206
142272
142309
142310
142311
142312
142313
142365
142366
142367
142370
142489
142490
142491
142492
142511
142513
142521
142595
142604
142670
142671
142766
142777
142812
142816
142902
142919
142936
143046
143235
143236
143275
143283
143358
143359
143363
143370
143371
143372
143375
143377
143378
143379
143380
143381
143382
143383
143384
143385
143386
143387
143388
143389
143390
143391
143397
143402
143518
143519
143520
143521
143522
143523
143524
143525
143526
143546
143549
143608
143609
143610
143611
143612
143613
143614
143615
143616
143617
143618
143619
143620
143621
143622
143668
143677
143739
143740
143752
143838
143841
143886
143958
144002
144014
144024
144035
144063
144148
144149
144150
144151
144199
144201
144221
144265
144293
144294
144300
144320
144335
144336
144337
144363
144364
144380
144382
144389
144460
144496
144515
144533
144762
144775
144831
144910
144911
144989
144992
145032
145033
145149
145166
145167
145168
145169
145170
145171
145172
145173
145174
145175
145176
145246
145256
145257
145258
145260
145282
145497
145505
145568
145612
145615
145623
145627
145637
146133
146134
146135
146136
146167
146169
146170
146178
146179
146180
146181
146182
146183
146184
146185
146195
146196
146202
146208
146213
146216
146217
146218
146220
146221
146222
146228
146285
146294
146306
146307
146311
146312
146314
146316
146317
146318
146333
146362
146363
146364
146365
146366
146444
146462
146488
146489
146490
146491
146499
146514
146577
146593
146594
146600
146601
146644
146645
146646
146670
146672
146728
146729
146730
146731
146740
146741
146742
146749
146750
146754
146762
146765
146780
146814
146815
146858
146860
146861
146863
146893
146894
146895
146896
146897
146902
146953
146991
146992
146993
146995
146998
147004
147005
147006
147007
147129
147130
147143
147171
147174
147180
147181
147182
147183
147202
147203
147204
147205
147207
147208
147209
147210
147211
147212
147213
147214
147215
147421
147434
147435
147436
147482
147483
147542
147547
147724
147728
147747
147783
147787
147788
147789
147845
147846
147867
147871
147874
147880
147888
147897
147901
147902
147903
147904
147905
147915
147944
147949
147954
147960
147972
147973
147985
147986
147987
147988
147989
147990
147991
147992
147993
147995
147996
147997
147998
147999
148001
148038
148090
148109
148110
148159
148160
148180
148236
148274
148280
148281
148284
148424
148453
148454
148472
148473
148531
148557
148559
148567
148582
148613
148615
148687
148787
148789
148790
148863
148877
148914
148930
148944
148945
148946
148999
149015
149062
149063
149064
149094
149102
149126
149132
149133
149137
149160
149164
149165
149166
149176
149178
149179
149253
149279
149296
149299
149300
149306
149314
149321
149322
149330
149375
149377
149378
149439
149440
149442
149443
149444
149445
149446
149447
149448
149449
149450
149451
149453
149455
149456
149457
149458
149459
149473
149480
149501
149503
149504
149505
149506
149507
149508
149509
149510
149511
149516
149544
149573
149581
149582
149591
149592
149633
149636
149639
149640
149643
149645
149647
149649
149650
149651
149652
149656
149657
149658
149659
149660
149661
149664
149669
149670
149673
149680
149681
149682
149683
149684
149685
149686
149687
149688
149689
149691
149692
149693
149694
149695
149696
149697
149698
149699
149701
149709
149749
149792
149852
149853
149854
149855
149866
149867
149874
149887
149903
149904
149905
149906
149907
149932
149972
150011
150169
150189
150278
150279
150290
150546
150638
150723
150724
150761
150765
150892
150991
151023
151050
151051
151052
151053
151054
151081
151113
151114
151115
151116
151124
151125
151126
151127
151290
151429
151431
151433
151434
151435
151436
151438
151439
151440
151441
151442
151546
151547
151548
151559
151560
151561
151602
151971
152077
152078
152079
152080
152188
152189
152190
152191
152192
152195
152196
152197
152199
152200
152201
152202
152266
152310
152314
152315
152316
152318
152319
152320
152335
152367
152392
152393
152403
152604
152619
152620
152688
152689
152690
152758
152759
152896
152899
152936
152937
152967
152997
152998
153018
153020
153021
153022
153040
153042
153043
153085
153263
153277
153278
153279
153280
153343
153357
153359
153392
153583
153648
153951
153952
153962
153963
153965
154037
154039
154046
154145
154213
154358
154532
154536
154537
154644
154645
154646
154647
154648
154649
154754
154755
154804
154807
154856
154857
154882
154919
154920
154921
154923
154924
154925
154927
154928
154930
154931
155031
155032
155033
155034
155051
155097
155098
155099
155101
155125
155127
155129
155131
155132
155139
155140
155141
155142
155143
155144
155152
155153
155154
155155
155156
155157
155158
155172
155187
155274
155287
155432
155433
155434
155435
155436
155437
155438
155439
155440
155441
155442
155443
155444
155445
155446
155447
155448
155449
155751
155824
155825
155826
155827
155828
155829
155830
155831
156161
156262
156303
156354
156363
156364
156365
156366
156371
156475
156476
156477
156478
156479
156480
156491
159098
159100
159101
159102
159103
159362
160133
160134
160135
160136
160137
160138
160139
160141
160144
160145
160146
160147
160148
160149
160150
160151
160152
160158
160159
160160
160161
160162
160163
160164
160165
160166
160167
160169
160170
160171
160172
160173
160174
160177
160178
160179
160180
160182
160183
160184
160186
160187
160188
160189
160190
160230
160231
160234
160235
160236
160237
160238
160239
160241
160242
160243
160244
160245
160246
160247
160248
160249
160250
160251
160252
160253
160254
160255
160256
160257
160259
160260
160261
160262
160263
160264
160265
160266
160267
160268
160269
160270
160271
160272
160273
160274
160275
160276
160282
160284
160285
160286
160287
160288
160289
160290
160886
160887
160892
160904
161002
161021
161022
161023
161024
161025
161046
161072
161287
161477
161490
161491
161493
161494
161495
161497
161506
161551
161552
161667
161668
161681
161776
161819
161820
161821
161844
161845
161846
161847
161848
161849
161860
161938
161939
161940
161941
161942
161943
161944
161945
161946
161947
161948
161949
162158
162160
162186
162188
162189
162197
162245
162316
162317
162318
162319
162320
162321
162322
162323
162324
162325
162326
162327
162328
162329
162330
162331
162586
162696
162730
162732
162749
162777
162778
162781
162782
162787
162848
162975
162984
162986
162987
162988
163011
163013
163042
163044
163045
163046
163068
163081
163082
163409
163489
163518
163634
163635
163665
163722
163736
164000
164056
164116
166529
166595
166863
166866
166867
166868
166869
168296
168399
168407
168408
168409
168410
168411
168412
168413
168414
168415
168416
168417
168418
168420
168421
168422
168423
168424
168425
168426
168427
168428
168429
168430
168431
168432
168433
168434
168435
168436
168437
168438
168439
168440
168443
168444
168561
168563
168764
168849
168850
168851
168852
169032
169033
169034
169035
169067
169173
169204
169243
169956
169961
170200
170922
170927
170946
170948
171098
171367
171369
171482
171845
171863
171907
172009
172333
172629
173007
173165
173166
173215
173249
173275
173276
173277
173278
173279
173334
173692
173693
173695
173732
173768
173814
174128
174129
174132
174187
174188
174308
174312
174663
174664
174698
175133
175399
175428
175429
175430
175432
175584
175585
175586
175587
175589
175590
175591
175593
175594
175595
175744
175745
175746
175747
175748
175749
175760
175825
175827
175828
175865
175866
175995
176008
176010
176028
176768
176794
176850
177262
177557
177594
177701
177717
177724
177750
177751
177852
177864
177871
177890
177891
177928
177958
177959
178739
178779
178883
178887
178888
178889
178890
178891
178892
178915
178952
178953
178999
179055
179086
179239
179240
179244
179245
179246
179247
179467
179498
179555
179681
179726
179881
179984
179985
179986
179987
179988
180058
180076
180315
180339
180525
180574
180612
180620
180674
180697
181197
181215
181272
181319
181339
181340
181380
181471
181691
181692
181693
181694
181696
181700
181704
181711
181712
181713
181714
181715
181716
181717
181718
181719
181720
181721
181722
181723
181724
181736
181789
181955
181956
181957
181958
181959
181969
182027
182028
182045
182382
182383
182384
182518
182520
182572
182573
182622
182624
182716
182912
182928
182941
182942
182943
182946
182958
182976
182980
182981
183195
183249
183250
183260
183261
183316
183317
183535
183564
183610
183658
183661
183662
183663
183664
183680
183681
183698
183699
183712
183714
183743
183772
183781
183854
183898
183974
183975
183979
183993
183994
184547
184773
184816
185167
185323
185324
185325
185351
185426
185433
185435
185465
185553
186030
186290
186291
186520
186527
186730
186777
186778
186786
186787
186788
186789
186790
186791
186793
187299
187300
187301
187340
187357
188059
188112
188113
188114
188115
188116
188117
188118
188119
188216
188272
188273
188274
188277
188336
188464
188465
188633
188816
188817
188901
188943
189011
189108
189109
189112
189122
189166
189167
189194
189437
189438
189507
189800
189870
189871
189873
189880
189944
189945
189960
189963
189964
189965
189994
190245
190286
190337
190338
190339
190340
190341
190536
190537
190538
190539
190540
190541
190542
190543
190544
190545
190546
190547
190548
190549
190565
190593
190766
190767
190768
190769
190770
190771
190772
190787
190921
190971
191012
191013
191313
191470
191510
191541
191542
191543
191544
191705
191707
191771
191772
191837
191838
191839
191852
191889
191913
191914
191917
191945
192079
192080
192081
192107
192122
192123
192124
192125
192147
192148
192149
192379
192589
192590
192688
192689
192741
193356
193479
193480
193481
193487
193488
193489
193490
193491
193543
193555
193705
193706
193707
194013
194372
194709
195018
195237
195415
195416
195417
195573
195728
195731
195790
195802
195803
195805
195806
195807
195808
195809
195810
195811
195812
195993
196186
196196
196226
196227
196228
196263
196410
196662
196684
196686
196687
196816
196817
196818
197815
197939
198253
198666
198939
198940
198941
199022
199103
199224
199250
199296
199562
199640
199714
199724
199769
199770
199909
199910
199945
199946
199947
199948
200136
200137
200138
200217
200222
200223
200224
200227
200228
200491
200492
200493
200494
200495
200496
200497
200498
200499
200500
200501
200502
200503
200506
200507
200508
200509
200510
200511
200512
200513
200514
200515
200516
200517
200518
200519
200520
200522
200523
200524
200525
200526
200527
200528
200529
200531
200532
200533
200534
200535
200536
200537
200538
200539
200540
200541
200542
200543
200544
200545
200546
200547
200548
200549
200550
200552
200553
200554
200555
200556
200557
200558
200559
200561
200562
200563
200564
200565
200566
200567
200568
200569
200570
200571
200572
200573
200574
200575
200576
200577
200579
200580
200581
200582
200583
200584
200585
200586
200587
200588
200589
200590
200591
200592
200593
200594
200595
200596
200597
200598
200599
200600
200601
200602
200603
200604
200605
200606
200607
200608
200609
200610
200611
200612
200614
200615
200616
200617
200618
200619
200620
200621
200622
200623
200624
200625
200626
200627
200628
200629
200630
200663
200664
200677
200743
200797
200889
200890
200891
200892
200893
200922
200923
200924
200925
200926
200927
200928
200929
201056
201222
201223
201224
201307
201414
201420
201477
201518
201519
201520
201521
201559
201560
201561
201562
201563
201564
201627
201717
201718
201719
201720
201721
201722
201723
201724
201851
202529
202530
202531
202745
202747
202866
202907
202908
202977
203081
203106
203242
203243
203244
203245
203246
203247
203271
203549
203550
203551
203552
203553
203554
203555
203556
203557
203558
203559
203560
203561
203563
203564
203565
203566
203567
203568
203573
203574
203575
203576
203581
203615
203618
203690
203691
203692
204141
204268
204271
204272
204273
204274
204275
204276
204277
204284
204311
204312
204314
204421
204422
204423
204424
204476
204508
204511
204514
204603
204657
903422
903618
904482
905068