1000023
1000031
1000033
1000078
1000138
1000159
1000162
1000176
1000181
1000188
1000246
1000298
1000404
1000416
1000441
1000445
1000460
1000466
1000474
1000498
1000522
1000528
1000538
1000540
1000547
1000561
1000576
1000588
1000589
1000591
1000594
1000596
1000600
1000611
1000618
1000640
1000664
1000688
1000760
1000766
1000778
1000786
1000787
1000809
1000823
1000871
1001038
1001054
1001055
1001060
1001061
1001062
1001202
1001219
1001222
1001262
1001292
1001387
1001422
1001433
1001457
1001462
1001465
1001646
1001647
1001669
1001672
1001989
1002067
1002179
1002331
1002590
1002647
1002657
1002695
1002711
1002722
1002726
1002727
1002729
1002747
1002783
1002784
1002792
1002798
1002825
1002841
1002858
1002866
1002868
1002873
1002874
1003154
1003157
1003220
1003302
1003310
1003411
1003561
1003590
1004026
1004081
1004209
1004461
1004488
1004637
1004695
1004717
1004750
1004800
1004939
1005238
1005266
1005353
1005375
1005378
1005488
1005492
1005497
1005675
1005729
1005761
1005789
1005988
1006235
1006296
1006371
1006387
1006479
1006506
1006517
1006724
1007038
1007447
1007463
1007661
1007677
1007690
1007695
1007727
1007788
1007859
1007887
1007921
1007953
1008082
1008143
1008149
1008165
1008198
1008199
1008224
1008226
1008230
1008233
1008242
1008246
1008247
1008250
1008259
1008261
1008591
1008744
1008849
1009166
1009250
1009313
1009765
1009771
1009829
1009843
1010035
1010041
1010042
1010120
1010225
1010373
1010427
1010510
1010607
1010716
1010729
1010761
1010764
1010770
1010823
1010871
1010895
1010902
1011036
1011055
1011064
1011269
1011270
1011283
1011315
1011374
1011376
1011410
1011558
1011602
1011620
1011723
1011724
1011747
1011809
1011810
1011962
1011966
1011980
1012095
1012253
1012302
1012370
1013018
1013149
1013171
1013259
1013854
1013868
1014140
1014171
1014355
1014398
1014522
1014793
1014895
1014932
1015104
1015106
1015186
1015206
1015226
1015269
1015428
1015429
1015474
1015491
1015559
1015560
1015921
1016018
1016041
1016060
1016080
1016198
1016291
1016332
1016376
1016380
1016515
1016822
1016951
1016955
1017105
1017428
1017716
1017731
1017733
1017767
1017792
1017827
1017838
1017843
1017859
1017860
1017890
1017967
1018297
1018626
1018957
1019189
1019378
1019739
1019773
1019774
1019816
1019862
1020057
1020126
1020145
1020457
1020498
1020528
1021067
1021137
1021291
1021324
1021499
1021525
1021615
1021642
1021650
1021671
1021776
1021816
1021901
1021912
1021942
1021943
1021948
1022054
1022076
1022106
1022133
1022164
1022167
1022236
1022276
1022328
1022342
1022477
1022553
1022654
1022718
1022809
1022875
1022891
1022908
1022913
1022937
1022962
1022976
1023029
1023048
1023051
1023090
1023115
1023176
1023181
1023277
1023302
1023449
1023510
1023511
1023515
1023604
1023823
1023904
1023959
1023960
1024028
1024189
1024192
1024216
1024241
1024253
1024321
1024338
1024470
1024534
1024595
1024669
1024708
1024722
1024838
1024846
1025017
1025307
1025442
1025571
1026093
1026169
1026195
1026267
1026273
1026279
1026469
1026501
1026581
1026753
1026781
1026844
1026902
1026927
1026934
1026964
1026968
1026969
1027156
1027251
1027291
1027376
1027411
1027799
1027811
1027959
1027970
1027972
1029254
1029285
1029292
1029576
1029599
1029974
1030016
1030151
1030254
1030273
1030275
1030362
1030363
1030364
1030406
1030520
1030640
1030668
1030731
1030930
1031128
1031133
1031478
1031521
1031591
1031593
1031594
1031596
1031599
1031623
1031676
1031701
1031702
1031703
1031706
1031723
1031733
1031763
1031768
1031779
1031803
1031808
1031825
1031826
1031827
1031828
1031848
1031885
1031891
1031993
1032090
1032110
1032118
1032122
1032184
1032185
1032186
1032223
1032236
1032237
1032238
1032247
1032289
1032397
1032537
1032542
1032558
1032559
1032785
1033398
1040498
1041679